scientificName,linkName,linkTaxonID,taxonRank,reportingStatus,direct_solow_pp,has_voucher,introduction_status,phylum
Abies amabilis,Abies amabilis,75240,species,confirmed,1,yes,native,Tracheophyta
Abies grandis,Abies grandis,63690,species,confirmed,,yes,native,Tracheophyta
Abronia latifolia,Abronia latifolia,52618,species,confirmed,1,yes,native,Tracheophyta
Abutilon theophrasti,Abutilon theophrasti,60214,species,new,0.985611510791367,no,exotic,Tracheophyta
Acer glabrum var. douglasii,Acer glabrum douglasii; Acer glabrum,181694; 63078,variety,confirmed,1,yes,native,Tracheophyta
Acer macrophyllum,Acer macrophyllum,48227,species,confirmed,1,yes,native,Tracheophyta
Acer pseudoplatanus,Acer pseudoplatanus,119791,species,new,1,no,exotic,Tracheophyta
Achillea filipendulina,Achillea filipendulina,157924,species,new,1,yes,exotic,Tracheophyta
Achillea millefolium complex,Achillea millefolium,52821,complex,confirmed,1,yes,native,Tracheophyta
Achlys triphylla,Achlys triphylla,75263,species,confirmed,1,yes,native,Tracheophyta
Achnatherum lemmonii ssp. lemmonii,Eriocoma lemmonii lemmonii; Eriocoma lemmonii,1220756; 1220721,subspecies,confirmed,1,yes,native,Tracheophyta
Achnatherum nelsonii,Eriocoma nelsonii,1221562,subspecies,confirmed,0.977272727272727,yes,native,Tracheophyta
Achnatherum nelsonii ssp. dorei,Eriocoma nelsonii dorei,1221728,subspecies,unconfirmed,0.08,yes,native,Tracheophyta
Achnatherum nelsonii ssp. nelsonii,Eriocoma nelsonii nelsonii,,subspecies,unconfirmed,-0.079136690647482,yes,native,Tracheophyta
Acmispon americanus var. americanus,Acmispon americanus americanus; Acmispon americanus,57053; 57049,variety,confirmed,-17.8867924528302,yes,native,Tracheophyta
Acmispon denticulatus,Acmispon denticulatus,60194,species,confirmed,0.999501992031873,yes,native,Tracheophyta
Acmispon parviflorus,Acmispon parviflorus,57048,species,confirmed,1,yes,native,Tracheophyta
Actaea rubra,Actaea rubra,49870,species,new,0.875,no,native,Tracheophyta
Adenocaulon bicolor,Adenocaulon bicolor,56854,species,confirmed,1,yes,native,Tracheophyta
Adiantum aleuticum var. aleuticum,Adiantum pedatum; Adiantum aleuticum; Adiantum aleuticum aleuticum,48435; 52667; 947668,variety,confirmed,1,yes,native,Tracheophyta
Aegopodium podagraria,Aegopodium podagraria,51741,species,new,1,no,exotic,Tracheophyta
Aesculus hippocastanum,Aesculus hippocastanum,84298,species,new,1,no,exotic,Tracheophyta
Agoseris grandiflora var. leptophylla,Agoseris grandiflora leptophylla; Agoseris grandiflora,52828,variety,confirmed,1,yes,native,Tracheophyta
Agoseris heterophylla var. heterophylla,Agoseris heterophylla,56856,species,confirmed,,yes,native,Tracheophyta
Agropyron cristatum ssp. pectinatum,Agropyron cristatum,75309,subspecies,unconfirmed,0.381294964028777,yes,exotic,Tracheophyta
Agrostis capillaris,Agrostis capillaris,75312,species,confirmed,1,yes,exotic,Tracheophyta
Agrostis exarata,Agrostis exarata,59088,species,confirmed,0.992424242424243,yes,native,Tracheophyta
Agrostis gigantea,Agrostis gigantea,75314,species,confirmed,1,yes,exotic,Tracheophyta
Agrostis idahoensis,Agrostis idahoensis,,,unconfirmed,0.251798561151079,yes,native,Tracheophyta
Agrostis microphylla,Agrostis microphylla,60277,species,confirmed,0.992424242424243,yes,native,Tracheophyta
Agrostis oregonensis,Agrostis oregonensis,75318,species,unconfirmed,0.423529411764706,yes,native,Tracheophyta
Agrostis pallens,Agrostis pallens,52692,species,confirmed,0.76271186440678,yes,native,Tracheophyta
Agrostis scabra,Agrostis scabra,75319,species,confirmed,0.992248062015504,yes,native,Tracheophyta
Agrostis stolonifera,Agrostis stolonifera,69931,species,confirmed,1,yes,exotic,Tracheophyta
Ailanthus altissima,Ailanthus altissima,57278,species,new,1,no,exotic,Tracheophyta
Aira caryophyllea,Aira caryophyllea,52694,species,confirmed,,yes,exotic,Tracheophyta
Aira praecox,Aira praecox,61058,species,confirmed,,yes,exotic,Tracheophyta
Alchemilla microcarpa,Alchemilla microcarpa,1363872,species,unconfirmed,0.661870503597122,yes,exotic,Tracheophyta
Alisma plantago-aquatica,Alisma plantago-aquatica,60253,species,confirmed,1,yes,exotic,Tracheophyta
Alisma triviale,Alisma triviale,61167,species,new,0.875,no,native,Tracheophyta
Alliaria petiolata,Alliaria petiolata,56061,species,confirmed,1,yes,exotic,Tracheophyta
Allium acuminatum,Allium acuminatum,59782,species,confirmed,1,yes,native,Tracheophyta
Allium amplectens,Allium amplectens,60267,species,confirmed,-30.7619047619048,yes,native,Tracheophyta
Allium cernuum,Allium cernuum,116364,species,confirmed,1,yes,native,Tracheophyta
Allium geyeri var. tenerum,Allium geyeri tenerum; Allium geyeri,239144; 148938,variety,confirmed,0.990990990990991,yes,native,Tracheophyta
Allium schoenoprasum,Allium schoenoprasum,59254,species,new,1,no,native,Tracheophyta
Allium triquetrum,Allium triquetrum,55505,species,new,1,no,exotic,Tracheophyta
Allium vineale,Allium vineale,75371,complex,confirmed,,yes,exotic,Tracheophyta
Allotropa virgata,Allotropa virgata,62481,species,confirmed,0.982142857142857,yes,native,Tracheophyta
Alnus rubra,Alnus rubra,56034,species,confirmed,1,yes,native,Tracheophyta
Alnus viridis ssp. sinuata,Alnus alnobetula sinuata,939032,subspecies,confirmed,0.948717948717949,yes,native,Tracheophyta
Alopecurus aequalis var. aequalis,Alopecurus aequalis,75381,species,confirmed,0.976744186046512,yes,native,Tracheophyta
Alopecurus carolinianus,Alopecurus carolinianus,75382,species,confirmed,0.984375,yes,native,Tracheophyta
Alopecurus geniculatus,Alopecurus geniculatus,71140,species,confirmed,0.992424242424243,yes,exotic,Tracheophyta
Alopecurus pratensis,Alopecurus pratensis,71141,species,confirmed,,yes,exotic,Tracheophyta
Alopecurus saccatus,Alopecurus saccatus,,,,,no,native,Tracheophyta
Amaranthus albus,Amaranthus albus,57893,species,confirmed,0.972477064220183,yes,exotic,Tracheophyta
Amaranthus blitoides,Amaranthus blitoides,58774,species,confirmed,0.964285714285714,yes,exotic,Tracheophyta
Amaranthus powellii,Amaranthus powellii,75398,species,confirmed,0.973214285714286,yes,exotic,Tracheophyta
Amaranthus retroflexus,Amaranthus retroflexus,58776,species,confirmed,0.985714285714286,yes,exotic,Tracheophyta
Ambrosia chamissonis,Ambrosia chamissonis,71135,species,confirmed,1,yes,native,Tracheophyta
Amelanchier alnifolia var. semiintegrifolia,Amelanchier alnifolia semiintegrifolia; Amelanchier alnifolia alnifolia; Amelanchier alnifolia,239166; 75415,variety,confirmed,1,yes,native,Tracheophyta
Amelanchier cusickii,Amelanchier cusickii,363448,species,new,1,no,native,Tracheophyta
Ammophila arenaria ssp. arenaria,Ammophila arenaria; Calamagrostis arenaria,942779,subspecies,confirmed,0.988372093023256,yes,exotic,Tracheophyta
Amsinckia intermedia,Amsinckia menziesii intermedia,49141,species,confirmed,0.957264957264957,yes,native,Tracheophyta
Amsinckia menziesii var. menziesii,Amsinckia menziesii,55436,species,confirmed,1,yes,native,Tracheophyta
Amsinckia spectabilis,Amsinckia spectabilis,71045,species,new,0.985611510791367,no,native,Tracheophyta
Anaphalis margaritacea,Anaphalis margaritacea,52833,species,confirmed,1,yes,native,Tracheophyta
Anchusa officinalis,Anchusa officinalis,75430,species,unconfirmed,0.352517985611511,yes,exotic,Tracheophyta
Anemone apennina,Anemonoides apennina,950619,species,new,1,no,exotic,Tracheophyta
Anemone lyallii,Anemonoides grayi,950609,species,new,1,no,native,Tracheophyta
Anemone nemorosa,Anemonoides nemorosa,950603,species,new,1,no,exotic,Tracheophyta
Angelica genuflexa,Angelica genuflexa,75450,species,confirmed,1,yes,native,Tracheophyta
Angelica lucida,Angelica lucida,75453,species,new,1,no,native,Tracheophyta
Anisocarpus madioides,Anisocarpus madioides,53137,species,confirmed,1,yes,native,Tracheophyta
Antennaria anaphaloides,Antennaria anaphaloides,,,,,yes,native,Tracheophyta
Antennaria dimorpha,Antennaria dimorpha,75460,species,unconfirmed,0.460431654676259,yes,native,Tracheophyta
Antennaria neglecta,Antennaria neglecta,,,unconfirmed,0.683453237410072,yes,native,Tracheophyta
Antennaria racemosa,Antennaria racemosa,75469,species,unconfirmed,0.654676258992806,yes,native,Tracheophyta
Anthemis arvensis,Anthemis arvensis,52838,species,new,0.5,no,exotic,Tracheophyta
Anthemis cotula,Anthemis cotula,52841,species,confirmed,0.972222222222222,yes,exotic,Tracheophyta
Anthoxanthum aristatum ssp. aristatum,Anthoxanthum aristatum aristatum; Anthoxanthum aristatum,75472,subspecies,confirmed,0.983333333333333,yes,exotic,Tracheophyta
Anthoxanthum odoratum,Anthoxanthum odoratum,75475,species,confirmed,,yes,exotic,Tracheophyta
Anthriscus caucalis,Anthriscus caucalis,52846,species,confirmed,1,yes,exotic,Tracheophyta
Aphanes arvensis,Alchemilla arvensis,866483,species,confirmed,1,yes,exotic,Tracheophyta
Aphanes australis,Alchemilla australis,1363874,species,confirmed,1,yes,exotic,Tracheophyta
Aphanes occidentalis,Alchemilla occidentalis,1452907,species,new,1,no,native,Tracheophyta
Aphyllon californicum ssp. californicum,Aphyllon californicum; Aphyllon californicum californicum,802458; 802465,subspecies,confirmed,1,yes,native,Tracheophyta
Aphyllon purpureum,Aphyllon purpureum,739040,species,confirmed,1,yes,native,Tracheophyta
Aphyllon uniflorum,Aphyllon uniflorum,802714,species,unconfirmed,0.241379310344828,yes,native,Tracheophyta
Apocynum androsaemifolium,Apocynum androsaemifolium,47359,species,confirmed,1,yes,native,Tracheophyta
Apocynum cannabinum,Apocynum cannabinum,58795,species,unconfirmed,0.20863309352518,yes,native,Tracheophyta
Aquilegia formosa var. formosa,Aquilegia formosa,48244,species,confirmed,1,yes,native,Tracheophyta
Arabidopsis thaliana,Arabidopsis thaliana,55021,species,confirmed,1,yes,exotic,Tracheophyta
Arabis eschscholtziana,Arabis eschscholtziana,75494,species,confirmed,1,yes,native,Tracheophyta
Arbutus menziesii,Arbutus menziesii,51046,species,confirmed,1,yes,native,Tracheophyta
Arceuthobium americanum,Arceuthobium americanum,48935,species,unconfirmed,0.142857142857143,yes,native,Tracheophyta
Arceuthobium tsugense ssp. contortae,Arceuthobium tsugense contortae,234332,subspecies,new,0.75,no,native,Tracheophyta
Arctium lappa,Arctium lappa,75501,species,confirmed,1,yes,exotic,Tracheophyta
Arctium minus,Arctium minus,59570,species,confirmed,1,yes,exotic,Tracheophyta
Arctostaphylos columbiana,Arctostaphylos columbiana,75505,species,confirmed,1,yes,native,Tracheophyta
Arctostaphylos media,Arctostaphylos × media,181436,hybrid,new,0.97841726618705,no,native,Tracheophyta
Arctostaphylos uva-ursi,Arctostaphylos uva-ursi,68049,species,confirmed,1,yes,native,Tracheophyta
Arenaria serpyllifolia var. serpyllifolia,Arenaria serpyllifolia serpyllifolia; Arenaria serpyllifolia,80373; 75553,variety,confirmed,0.991071428571429,yes,exotic,Tracheophyta
Argyrocytisus battandieri,Argyrocytisus battandieri,430682,species,unconfirmed,0.311111111111111,yes,exotic,Tracheophyta
Armeria maritima,Armeria maritima,60476,species,confirmed,1,yes,native,Tracheophyta
Armeria maritima ssp. californica,Armeria maritima californica,60739,subspecies,confirmed,0.984496124031008,yes,native,Tracheophyta
Armeria maritima ssp. sibirica,Armeria maritima sibirica,234429,subspecies,confirmed,0.972602739726027,yes,exotic,Tracheophyta
Arrhenatherum elatius,Arrhenatherum elatius,75583,species,confirmed,1,yes,exotic,Tracheophyta
Arrhenatherum elatius ssp. elatius,Arrhenatherum elatius elatius,239373,subspecies,unconfirmed,0.662790697674419,yes,exotic,Tracheophyta
Artemisia absinthium,Artemisia absinthium,60350,species,new,1,no,exotic,Tracheophyta
Artemisia biennis,Artemisia biennis,58798,species,confirmed,0.824175824175824,yes,exotic,Tracheophyta
Artemisia campestris var. scouleriana,Artemisia campestris pacifica; Artemisia campestris,127960,variety,new,1,yes,native,Tracheophyta
Artemisia ludoviciana,Artemisia ludoviciana,71127,species,new,0.666666666666667,no,native,Tracheophyta
Artemisia suksdorfii,Artemisia suksdorfii,75597,species,confirmed,1,yes,native,Tracheophyta
Artemisia vulgaris,Artemisia vulgaris,52856,species,new,1,no,exotic,Tracheophyta
Arum italicum,Arum italicum,61168,species,new,1,yes,exotic,Tracheophyta
Aruncus dioicus var. acuminatus,Aruncus dioicus acuminatus; Aruncus dioicus,75600,variety,new,1,no,native,Tracheophyta
Asarum caudatum,Asarum caudatum,52858,species,confirmed,1,yes,native,Tracheophyta
Asparagus officinalis,Asparagus officinalis,60265,species,confirmed,1,yes,exotic,Tracheophyta
Aspidotis densa,Aspidotis densa,63868,species,confirmed,1,yes,native,Tracheophyta
Asplenium trichomanes,Asplenium trichomanes,75609,species,confirmed,0.970588235294118,yes,native,Tracheophyta
Astragalus collinus var. collinus,Astragalus collinus,158861,species,unconfirmed,0.755395683453237,yes,native,Tracheophyta
Athyrium filix-femina ssp. cyclosorum,Athyrium filix-femina; Athyrium filix-femina cyclosorum,52669; 61002,subspecies,confirmed,1,yes,native,Tracheophyta
Athysanus pusillus,Athysanus pusillus,58069,species,confirmed,,yes,native,Tracheophyta
Atocion armeria,Atocion armeria,204246,species,new,0.944444444444444,yes,exotic,Tracheophyta
Atriplex dioica,Atriplex dioica,75701,species,unconfirmed,0.687022900763359,yes,native,Tracheophyta
Atriplex patula,Atriplex patula,60175,species,confirmed,1,yes,exotic,Tracheophyta
Atriplex prostrata,Atriplex prostrata,60176,species,new,1,no,exotic,Tracheophyta
Aubrieta deltoidea,Aubrieta deltoidea,75721,species,new,1,yes,exotic,Tracheophyta
Aurinia saxatilis,Aurinia saxatilis,64616,species,new,1,no,exotic,Tracheophyta
Avena fatua,Avena fatua,52698,species,confirmed,0.991071428571429,yes,exotic,Tracheophyta
Avena sativa,Avena sativa,57156,species,new,0.944444444444444,yes,exotic,Tracheophyta
Azolla caroliniana,Azolla caroliniana,68866,species,unconfirmed,0.798561151079137,yes,exotic,Tracheophyta
Azolla filiculoides,Azolla filiculoides,58754,species,new,1,no,exotic,Tracheophyta
Balsamorhiza deltoidea,Balsamorhiza deltoidea,70383,species,confirmed,1,yes,native,Tracheophyta
Barbarea orthoceras,Barbarea orthoceras,52976,species,confirmed,,yes,native,Tracheophyta
Barbarea verna,Barbarea verna,71136,species,confirmed,1,yes,exotic,Tracheophyta
Barbarea vulgaris,Barbarea vulgaris,56126,species,confirmed,1,yes,exotic,Tracheophyta
Bellardia viscosa,Bellardia viscosa,537967,species,confirmed,0.974358974358974,yes,exotic,Tracheophyta
Bellis perennis,Bellis perennis,55563,species,confirmed,1,yes,exotic,Tracheophyta
Berberis aquifolium,Berberis aquifolium,126887,species,confirmed,1,yes,native,Tracheophyta
Berberis nervosa,Berberis nervosa,75756,species,confirmed,1,yes,native,Tracheophyta
Betula papyrifera,Betula papyrifera,49883,species,confirmed,1,yes,native,Tracheophyta
Betula pendula,Betula pendula,83992,species,confirmed,1,yes,exotic,Tracheophyta
Betula pubescens ssp. pubescens,Betula pubescens,119061,species,confirmed,0.981818181818182,yes,exotic,Tracheophyta
Betula pumila,Betula pumila,,species,unconfirmed,0.62015503875969,yes,native,Tracheophyta
Bidens amplissima,Bidens amplissima,159233,species,confirmed,0.989690721649484,yes,native,Tracheophyta
Bidens cernua,Bidens cernua,75765,species,confirmed,0.9921875,yes,native,Tracheophyta
Boechera stricta,Boechera stricta,75824,species,unconfirmed,0.345323741007194,yes,native,Tracheophyta
Bolboschoenus maritimus ssp. paludosus,Bolboschoenus maritimus paludosus; Bolboschoenus maritimus,79646; 58345,subspecies,confirmed,1,yes,native,Tracheophyta
Botrypus virginianus,Botrypus virginianus,75855,species,new,,yes,native,Tracheophyta
Boykinia occidentalis,Boykinia occidentalis,68213,species,confirmed,1,yes,native,Tracheophyta
Brasenia schreberi,Brasenia schreberi,75867,species,confirmed,1,yes,native,Tracheophyta
Brassica juncea,Brassica juncea,64241,species,confirmed,1,yes,exotic,Tracheophyta
Brassica napus,Brassica napus,75869,species,confirmed,0.979591836734694,yes,exotic,Tracheophyta
Brassica nigra,Brassica nigra; Mutarda nigra,1555489,species,confirmed,,yes,exotic,Tracheophyta
Brassica rapa,Brassica rapa,53271,variety,confirmed,1,yes,exotic,Tracheophyta
Brassica rapa var. rapa,Brassica rapa oleifera,59790,variety,confirmed,0.831858407079646,yes,exotic,Tracheophyta
Briza maxima,Briza maxima,57157,species,new,1,yes,exotic,Tracheophyta
Briza minor,Briza minor,57162,species,confirmed,0.977777777777778,yes,exotic,Tracheophyta
Brodiaea coronaria,Brodiaea coronaria,57126,species,confirmed,0.992592592592593,yes,native,Tracheophyta
Brodiaea rosea var. rosea,Brodiaea coronaria rosea; Brodiaea rosea rosea; Brodiaea rosea,1426020; 1426019,variety,confirmed,0.982142857142857,yes,native,Tracheophyta
Bromus aleutensis,Bromus aleutensis,,species,confirmed,0.839285714285714,yes,native,Tracheophyta
Bromus commutatus,Bromus commutatus,75900,species,confirmed,0.982300884955752,yes,exotic,Tracheophyta
Bromus diandrus ssp. rigidus,Bromus rigidus; Bromus diandrus,204259; 52702,subspecies,confirmed,1,yes,exotic,Tracheophyta
Bromus hordeaceus,Bromus hordeaceus hordeaceus; Bromus hordeaceus,52717; 52703,species,confirmed,1,yes,exotic,Tracheophyta
Bromus inermis ssp. thominii,Bromus inermis,75903,species,confirmed,0.966101694915254,yes,exotic,Tracheophyta
Bromus pacificus,Bromus pacificus,159470,species,unconfirmed,0.683453237410072,yes,native,Tracheophyta
Bromus racemosus,Bromus racemosus,75909,species,confirmed,0.71875,yes,exotic,Tracheophyta
Bromus secalinus,Bromus secalinus,75911,species,unconfirmed,0.194244604316547,yes,exotic,Tracheophyta
Bromus sitchensis,Bromus carinatus carinatus; Bromus sitchensis; Bromus carinatus,64297; 75912; 52700,species,confirmed,,yes,native,Tracheophyta
Bromus sitchensis var. aleutensis,Bromus sitchensis aleutensis,239682,variety,unconfirmed,0.696428571428571,yes,native,Tracheophyta
Bromus sitchensis var. marginatus,Bromus marginatus,159467,variety,confirmed,0.806451612903226,yes,native,Tracheophyta
Bromus sitchensis var. sitchensis,Bromus sitchensis sitchensis,239683,variety,unconfirmed,0.0169491525423729,yes,native,Tracheophyta
Bromus sterilis,Bromus sterilis,57163,species,confirmed,1,yes,exotic,Tracheophyta
Bromus tectorum,Bromus tectorum,58369,species,confirmed,1,yes,exotic,Tracheophyta
Bromus vulgaris,Bromus vulgaris,75915,species,confirmed,1,yes,native,Tracheophyta
Buddleja davidii,Buddleja davidii,75916,species,new,1,yes,exotic,Tracheophyta
Butomus umbellatus,Butomus umbellatus,60462,species,new,0.333333333333333,no,exotic,Tracheophyta
Buxus sempervirens,Buxus sempervirens,133397,species,confirmed,0.948717948717949,yes,exotic,Tracheophyta
Cakile edentula var. edentula,Cakile edentula; Cakile edentula edentula,52162; 234668,variety,confirmed,1,yes,exotic,Tracheophyta
Cakile maritima ssp. maritima,Cakile maritima,60982,species,confirmed,1,yes,exotic,Tracheophyta
Calamagrostis canadensis,Calamagrostis canadensis,75925,species,confirmed,1,yes,native,Tracheophyta
Calamagrostis nutkaensis,Calamagrostis nutkaensis,61063,species,confirmed,0.99047619047619,yes,native,Tracheophyta
Calamagrostis stricta ssp. inexpansa,Calamagrostis stricta; Calamagrostis inexpansa,75930; 140213,subspecies,confirmed,0.979591836734694,yes,native,Tracheophyta
Calandrinia ciliata,Calandrinia ciliata; Calandrinia menziesii,489239; 400267,species,confirmed,,yes,native,Tracheophyta
Calendula arvensis,Calendula arvensis,59260,species,new,1,yes,exotic,Tracheophyta
Calendula officinalis,Calendula officinalis,75931,species,new,0.944444444444444,yes,exotic,Tracheophyta
Callitriche heterophylla var. bolanderi,Callitriche heterophylla bolanderi; Callitriche heterophylla,75935,variety,confirmed,1,yes,native,Tracheophyta
Callitriche marginata,Callitriche marginata,58093,species,confirmed,0.979591836734694,yes,native,Tracheophyta
Callitriche palustris,Callitriche palustris,75937,species,confirmed,1,yes,native,Tracheophyta
Callitriche stagnalis,Callitriche stagnalis,75938,species,new,1,yes,exotic,Tracheophyta
Caltha leptosepala,Caltha leptosepala,64445,species,new,0.956834532374101,no,native,Tracheophyta
Caltha palustris,Caltha palustris,56224,species,new,1,no,native,Tracheophyta
Calypso bulbosa var. occdentalis,Calypso bulbosa occidentalis,57724,variety,new,1,no,native,Tracheophyta
Calypso bulbosa var. occidentalis,Calypso bulbosa,47215,species,confirmed,1,yes,native,Tracheophyta
Calystegia sepium,Calystegia sepium,57481,species,confirmed,1,yes,exotic,Tracheophyta
Calystegia silvatica ssp. silvatica,Calystegia silvatica,75968,species,new,1,no,exotic,Tracheophyta
Calystegia soldanella,Calystegia soldanella,60880,species,confirmed,0.990196078431373,yes,native,Tracheophyta
Camassia leichtlinii ssp. suksdorfii,Camassia leichtlinii suksdorfii; Camassia leichtlinii,79659; 62218,subspecies,confirmed,1,yes,native,Tracheophyta
Camassia quamash,Camassia quamash,62220,species,confirmed,,yes,native,Tracheophyta
Camassia quamash ssp. maxima,Camassia quamash maxima,234790,subspecies,new,1,yes,native,Tracheophyta
Camassia quamash ssp. quamash,Camassia quamash quamash,118435,subspecies,confirmed,0.898305084745763,yes,native,Tracheophyta
Camelina sativa,Camelina sativa,159732,species,unconfirmed,0.263565891472868,yes,exotic,Tracheophyta
Camissonia contorta,Camissonia contorta,58216,species,confirmed,1,yes,native,Tracheophyta
Campanula medium,Campanula medium,159761,species,confirmed,1,yes,exotic,Tracheophyta
Campanula persicifolia,Campanula persicifolia,159764,species,new,0.944444444444444,yes,exotic,Tracheophyta
Campanula poscharskyana,Campanula poscharskyana,336005,species,new,1,no,exotic,Tracheophyta
Campanula rapunculoides,Campanula rapunculoides,85321,species,confirmed,1,yes,exotic,Tracheophyta
Campanula rotundifolia,Campanula rotundifolia,62312,complex,unconfirmed,0.647482014388489,yes,native,Tracheophyta
Campanula scouleri,Campanula scouleri,75991,species,confirmed,1,yes,native,Tracheophyta
Canadanthus modestus,Canadanthus modestus,159806,species,new,0.909090909090909,no,native,Tracheophyta
Capsella bursa-pastoris,Capsella bursa-pastoris,56121,species,confirmed,1,yes,exotic,Tracheophyta
Cardamine angulata,Cardamine angulata,,species,unconfirmed,0.381294964028777,yes,native,Tracheophyta
Cardamine breweri,Cardamine breweri,76000,species,new,1,no,native,Tracheophyta
Cardamine corymbosa,Cardamine corymbosa,159833,species,new,0.1875,yes,exotic,Tracheophyta
Cardamine flexuosa,Cardamine flexuosa,69636,species,new,1,yes,exotic,Tracheophyta
Cardamine hirsuta,Cardamine hirsuta,55829,species,confirmed,1,yes,exotic,Tracheophyta
Cardamine nuttallii,Cardamine nuttallii nuttallii; Cardamine nuttallii,239744; 76002,species,confirmed,,yes,native,Tracheophyta
Cardamine occidentalis,Cardamine occidentalis,76003,species,unconfirmed,0.683168316831683,yes,native,Tracheophyta
Cardamine occulta,Cardamine occulta,545305,species,new,0.870503597122302,yes,exotic,Tracheophyta
Cardamine oligosperma,Cardamine oligosperma,52981,species,confirmed,,yes,native,Tracheophyta
Cardamine pensylvanica,Cardamine pensylvanica,76005,species,confirmed,,yes,native,Tracheophyta
Cardamine pratensis,Cardamine pratensis,54531,species,confirmed,0.983606557377049,yes,native,Tracheophyta
Carex acutiformis,Carex acutiformis,,species,unconfirmed,0.116666666666667,yes,exotic,Tracheophyta
Carex aquatilis var. dives,Carex aquatilis; Carex aquatilis dives,76013; 80511,variety,confirmed,0.992753623188406,yes,native,Tracheophyta
Carex arcta,Carex arcta,76014,species,confirmed,0.991452991452991,yes,native,Tracheophyta
Carex athrostachya,Carex athrostachya,76016,species,confirmed,0.826086956521739,yes,native,Tracheophyta
Carex aurea,Carex aurea,76017,species,confirmed,0.982758620689655,yes,native,Tracheophyta
Carex canescens ssp. canescens,Carex canescens canescens; Carex canescens,76023,subspecies,unconfirmed,0.618705035971223,yes,native,Tracheophyta
Carex cusickii,Carex cusickii,76028,species,confirmed,0.991071428571429,yes,native,Tracheophyta
Carex deweyana var. deweyana,Carex deweyana deweyana; Carex deweyana,239769; 143684,variety,confirmed,0.971014492753623,yes,native,Tracheophyta
Carex echinata,Carex echinata,76035,species,confirmed,0.981818181818182,yes,native,Tracheophyta
Carex echinata ssp. phyllomanica,Carex echinata phyllomanica,79676,subspecies,unconfirmed,0.169491525423729,yes,native,Tracheophyta
Carex exsiccata,Carex exsiccata,76036,species,confirmed,0.992424242424243,yes,native,Tracheophyta
Carex feta,Carex feta,76037,species,confirmed,0.945454545454545,yes,native,Tracheophyta
Carex flava,Carex flava,,,unconfirmed,0.00719424460431655,yes,native,Tracheophyta
Carex garberi,Carex garberi,,subspecies,unconfirmed,0.0967741935483871,yes,native,Tracheophyta
Carex hassei,Carex hassei,76045,species,unconfirmed,0.591666666666667,yes,native,Tracheophyta
Carex hendersonii,Carex hendersonii,76048,species,confirmed,1,yes,native,Tracheophyta
Carex inops,Carex inops,76056,species,confirmed,1,yes,native,Tracheophyta
Carex inops ssp. inops,Carex inops inops,79677,subspecies,confirmed,1,yes,native,Tracheophyta
Carex kelloggii,Carex kelloggii,290553,species,confirmed,0.991150442477876,yes,native,Tracheophyta
Carex kelloggii var. kelloggii,Carex kelloggii kelloggii,1091404,variety,unconfirmed,0.495726495726496,yes,native,Tracheophyta
Carex kelloggii var. limnophila,Carex kelloggii limnophila,1091402,species,unconfirmed,0.406779661016949,yes,native,Tracheophyta
Carex laeviculmis,Carex laeviculmis,,species,unconfirmed,0.601449275362319,yes,native,Tracheophyta
Carex leporina,Carex leporina,76067,species,confirmed,0.992424242424243,yes,native,Tracheophyta
Carex leptalea,Carex leptalea,76069,species,unconfirmed,0.18705035971223,yes,native,Tracheophyta
Carex leptopoda,Carex leptopoda,76070,species,confirmed,,yes,native,Tracheophyta
Carex lyngbyei ssp. cryptocarpa,Carex lyngbyei,76076,species,confirmed,1,yes,native,Tracheophyta
Carex macrocephala,Carex macrocephala,160006,species,confirmed,1,yes,native,Tracheophyta
Carex obnupta,Carex obnupta,61000,species,confirmed,1,yes,native,Tracheophyta
Carex pachystachya,Carex pachystachya,76089,species,confirmed,0.982758620689655,yes,native,Tracheophyta
Carex pansa,Carex pansa,76090,species,confirmed,0.686274509803922,yes,native,Tracheophyta
Carex pellita,Carex pellita,76091,species,new,0.916666666666667,no,native,Tracheophyta
Carex pendula,Carex pendula,49365,species,new,1,yes,exotic,Tracheophyta
Carex pensylvanica,Carex pensylvanica,127326,species,unconfirmed,0.440677966101695,yes,unknown,Tracheophyta
Carex pluriflora,Carex pluriflora,160070,species,confirmed,0.911764705882353,yes,native,Tracheophyta
Carex praticola,Carex praticola,76095,species,confirmed,0.920289855072464,yes,native,Tracheophyta
Carex rossii,Carex rossii,76099,species,confirmed,0.918367346938776,yes,native,Tracheophyta
Carex scoparia,Carex scoparia,76104,species,confirmed,0.943396226415094,yes,native,Tracheophyta
Carex stipata var. stipata,Carex stipata,76114,species,confirmed,1,yes,native,Tracheophyta
Carex tumulicola,Carex tumulicola,64183,species,confirmed,1,yes,native,Tracheophyta
Carex unilateralis,Carex unilateralis,76123,species,confirmed,0.992424242424243,yes,native,Tracheophyta
Carex utriculata,Carex utriculata,76124,species,confirmed,0.991452991452991,yes,native,Tracheophyta
Carex vesicaria,Carex vesicaria,,species,unconfirmed,0.0647482014388489,yes,native,Tracheophyta
Carex viridula ssp. viridula,Carex viridula,,,unconfirmed,0.079136690647482,yes,native,Tracheophyta
Carex vulpinoidea,Carex vulpinoidea,,,unconfirmed,0.244604316546763,yes,native,Tracheophyta
Carex zikae,Carex zikae; Carex brevicaulis,494319,species,confirmed,0.86,yes,native,Tracheophyta
Carpinus betulus,Carpinus betulus,55801,species,new,1,no,exotic,Tracheophyta
Castanea sativa,Castanea sativa,121763,species,confirmed,1,yes,exotic,Tracheophyta
Castilleja ambigua var. ambigua,Castilleja ambigua,,,,,no,native,Tracheophyta
Castilleja attenuata,Castilleja attenuata,49341,species,confirmed,1,yes,native,Tracheophyta
Castilleja exserta var. exserta,Castilleja exserta exserta,,,,,no,unknown,Tracheophyta
Castilleja hispida var. hispida,Castilleja hispida; Castilleja hispida hispida,128204; 234938,variety,confirmed,1,yes,native,Tracheophyta
Castilleja levisecta,Castilleja levisecta,128077,species,confirmed,1,yes,native,Tracheophyta
Castilleja miniata,Castilleja miniata,76148,species,confirmed,0.951923076923077,yes,native,Tracheophyta
Castilleja miniata var. dixonii,Castilleja miniata dixonii,,,unconfirmed,0.0719424460431655,yes,native,Tracheophyta
Castilleja victoriae,Castilleja victoriae,160227,species,confirmed,1,yes,native,Tracheophyta
Centaurea cyanus,Centaurea cyanus,933404,species,confirmed,1,yes,exotic,Tracheophyta
Centaurea diffusa,Centaurea diffusa,76210,species,new,1,yes,exotic,Tracheophyta
Centaurea jacea,Centaurea jacea,55713,species,new,0.992805755395683,no,exotic,Tracheophyta
Centaurea montana,Centaurea montana,48984,species,confirmed,1,yes,exotic,Tracheophyta
Centaurea nigra,Centaurea nigra,126575,species,new,0.947368421052632,yes,exotic,Tracheophyta
Centaurea nigrescens,Centaurea nigrescens,,,new,0.863309352517986,no,exotic,Tracheophyta
Centaurea paniculata,Centaurea paniculata,160278,species,unconfirmed,0.50381679389313,yes,exotic,Tracheophyta
Centaurea stoebe ssp. australis,Centaurea stoebe; Centaurea stoebe australis,76214; 521869,subspecies,confirmed,1,yes,exotic,Tracheophyta
Centaurium erythraea,Centaurium erythraea,56236,species,new,1,no,exotic,Tracheophyta
Centranthus ruber,Centranthus ruber,57283,species,new,1,yes,exotic,Tracheophyta
Cephalanthera austiniae,Cephalanthera austiniae,50706,species,confirmed,0.974358974358974,yes,native,Tracheophyta
Cerastium arvense ssp. strictum,Cerastium arvense; Cerastium arvense strictum,50851; 50847,subspecies,confirmed,1,yes,native,Tracheophyta
Cerastium brachypodum,Cerastium brachypodum,,,unconfirmed,0.762589928057554,yes,unknown,Tracheophyta
Cerastium fontanum ssp. vulgare,Cerastium holosteoides; Cerastium fontanum,1005385; 53307,subspecies,confirmed,1,yes,exotic,Tracheophyta
Cerastium glomeratum,Cerastium glomeratum,52973,species,confirmed,1,yes,exotic,Tracheophyta
Cerastium pumilum ssp. glutinosum,Cerastium pumilum,160341,species,confirmed,1,yes,exotic,Tracheophyta
Cerastium semidecandrum,Cerastium semidecandrum,160343,species,confirmed,1,yes,exotic,Tracheophyta
Cerastium tomentosum,Cerastium tomentosum,160347,species,confirmed,1,yes,exotic,Tracheophyta
Ceratophyllum demersum,Ceratophyllum demersum,60997,species,confirmed,1,yes,native,Tracheophyta
Ceratophyllum echinatum,Ceratophyllum echinatum,160354,species,unconfirmed,0.259259259259259,yes,native,Tracheophyta
Chamaenerion angustifolium,Chamaenerion angustifolium,564969,species,confirmed,1,yes,native,Tracheophyta
Chelidonium majus,Chelidonium majus,55757,species,new,1,no,exotic,Tracheophyta
Chenopodiastrum murale,Chenopodiastrum murale,514012,species,new,0.625,yes,exotic,Tracheophyta
Chenopodiastrum simplex,Chenopodiastrum hybridum,896902,species,confirmed,,yes,exotic,Tracheophyta
Chenopodium album,Chenopodium album album; Chenopodium album,181727; 58127,species,confirmed,,yes,exotic,Tracheophyta
Chimaphila menziesii,Chimaphila menziesii,,,unconfirmed,0.410071942446043,no,native,Tracheophyta
Chimaphila umbellata ssp. umbellata,Chimaphila umbellata umbellata; Chimaphila umbellata,62236,subspecies,confirmed,0.96875,yes,native,Tracheophyta
Cichorium intybus,Cichorium intybus,52913,species,new,1,no,exotic,Tracheophyta
Cicuta douglasii,Cicuta douglasii,76338,species,confirmed,1,yes,native,Tracheophyta
Cinna latifolia,Cinna latifolia,,,unconfirmed,0.100719424460432,yes,native,Tracheophyta
Circaea alpina ssp. pacifica,Circaea alpina pacifica; Circaea alpina,76342,subspecies,confirmed,1,yes,native,Tracheophyta
Cirsium arvense,Cirsium arvense arvense; Cirsium arvense,324501; 60132,species,confirmed,1,yes,exotic,Tracheophyta
Cirsium brevistylum,Cirsium brevistylum,52993,species,new,1,no,native,Tracheophyta
Cirsium edule var. macounii,Cirsium edule macounii; Cirsium edule,143675,variety,confirmed,1,yes,native,Tracheophyta
Cirsium vulgare,Cirsium vulgare,52989,species,confirmed,1,yes,exotic,Tracheophyta
Cistus creticus,Cistus creticus,64318,species,new,0.920863309352518,yes,exotic,Tracheophyta
Clarkia amoena,Clarkia amoena,61048,species,confirmed,1,yes,native,Tracheophyta
Clarkia amoena ssp. caurina,Clarkia amoena caurina,235283,subspecies,new,0.971223021582734,no,native,Tracheophyta
Clarkia amoena ssp. lindleyi,Clarkia amoena lindleyi,235285,subspecies,new,0.8,no,native,Tracheophyta
Clarkia quadrivulnera,Clarkia purpurea quadrivulnera; Clarkia purpurea,57146; 51087,species,new,0.954545454545454,yes,native,Tracheophyta
Claytonia exigua,Claytonia exigua,57233,species,confirmed,1,yes,native,Tracheophyta
Claytonia exigua ssp. exigua,Claytonia exigua exigua,57234,species,confirmed,0.981481481481482,yes,native,Tracheophyta
Claytonia exigua ssp. glauca,Claytonia exigua glauca,57229,subspecies,confirmed,,yes,native,Tracheophyta
Claytonia parviflora ssp. parviflora,Claytonia parviflora,58294,species,confirmed,1,yes,native,Tracheophyta
Claytonia perfoliata ssp. perfoliata,Claytonia perfoliata; Claytonia perfoliata perfoliata,52994; 53002,subspecies,confirmed,1,yes,native,Tracheophyta
Claytonia rubra,Claytonia rubra depressa; Claytonia rubra,79751; 64184,species,confirmed,1,yes,native,Tracheophyta
Claytonia sibirica,Claytonia sibirica,55767,species,confirmed,1,yes,native,Tracheophyta
Claytonia washingtoniana,Claytonia washingtoniana,76392,species,new,1,no,native,Tracheophyta
Clematis vitalba,Clematis vitalba,160697,species,new,1,no,exotic,Tracheophyta
Clinopodium douglasii,Clinopodium douglasii,53203,species,confirmed,1,yes,native,Tracheophyta
Clinopodium vulgare,Clinopodium vulgare,84281,species,new,0.4,no,exotic,Tracheophyta
Collinsia grandiflora,Collinsia grandiflora,76409,species,confirmed,1,yes,native,Tracheophyta
Collinsia parviflora,Collinsia parviflora,59013,species,confirmed,,yes,native,Tracheophyta
Collomia grandiflora,Collomia grandiflora,61871,species,confirmed,0.992125984251969,yes,native,Tracheophyta
Collomia heterophylla,Collomia heterophylla,52996,species,confirmed,1,yes,native,Tracheophyta
Collomia linearis,Collomia linearis,76416,species,unconfirmed,0.446808510638298,yes,native,Tracheophyta
Comandra umbellata ssp. californica,Comandra umbellata; Comandra umbellata californica,59991; 79754,subspecies,confirmed,1,yes,native,Tracheophyta
Comarum palustre,Comarum palustre,62213,species,confirmed,1,yes,native,Tracheophyta
Conioselinum pacificum,Conioselinum gmelinii,160830,species,confirmed,1,yes,native,Tracheophyta
Conium maculatum,Conium maculatum,52998,species,confirmed,1,yes,exotic,Tracheophyta
Conringia orientalis,Conringia orientalis,76429,species,unconfirmed,0.194244604316547,yes,exotic,Tracheophyta
Convolvulus arvensis,Convolvulus arvensis,53021,species,confirmed,1,yes,exotic,Tracheophyta
Conyza canadensis,Erigeron canadensis,76907,species,new,0.833333333333333,no,exotic,Tracheophyta
Corallorhiza maculata,Corallorhiza maculata,49475,species,confirmed,1,yes,native,Tracheophyta
Corallorhiza maculata var. maculata,Corallorhiza maculata maculata,80614,variety,new,0.4,no,native,Tracheophyta
Corallorhiza maculata var. occidentalis,Corallorhiza maculata occidentalis,80615,variety,new,0.933333333333333,no,native,Tracheophyta
Corallorhiza maculata var. ozettensis,Corallorhiza maculata ozettensis,452199,variety,new,0.875,no,native,Tracheophyta
Corallorhiza mertensiana,Corallorhiza mertensiana,49444,species,confirmed,1,yes,native,Tracheophyta
Corallorhiza striata var. striata,Corallorhiza striata striata; Corallorhiza striata,131215; 50708,variety,confirmed,1,yes,native,Tracheophyta
Coreopsis tinctoria,Coreopsis tinctoria,76445,species,new,0.944444444444444,yes,native,Tracheophyta
Cornus canadensis,Cornus canadensis,47192,species,new,0.2,no,native,Tracheophyta
Cornus nuttallii,Cornus nuttallii,76447,species,confirmed,1,yes,native,Tracheophyta
Cornus occidentalis,Cornus sericea occidentalis,53366,subspecies,new,0.166666666666667,no,native,Tracheophyta
Cornus stolonifera,Cornus sericea,53387,species,confirmed,1,yes,native,Tracheophyta
Cortaderia selloana,Cortaderia selloana,64240,species,new,0.88235294117647,yes,exotic,Tracheophyta
Corydalis aurea ssp. aurea,Corydalis aurea,,,unconfirmed,0.517985611510791,no,native,Tracheophyta
Corydalis flavula,Pseudofumaria alba,347008,species,new,1,no,exotic,Tracheophyta
Corydalis lutea,Pseudofumaria lutea,130800,species,new,0.833333333333333,no,exotic,Tracheophyta
Corydalis scouleri,Corydalis scouleri,,species,unconfirmed,0.525179856115108,no,native,Tracheophyta
Corylus avellana,Corylus avellana,54491,species,new,1,no,exotic,Tracheophyta
Corylus cornuta ssp. californica,Corylus cornuta; Corylus cornuta californica,53374; 53368,subspecies,confirmed,1,yes,native,Tracheophyta
Cota tinctoria,Cota tinctoria,,,,,no,exotic,Tracheophyta
Cotoneaster dammeri,Cotoneaster dammeri,160946,species,confirmed,0.9375,yes,exotic,Tracheophyta
Cotoneaster dielsianus,Cotoneaster dielsianus,498529,species,new,0.0526315789473684,yes,exotic,Tracheophyta
Cotoneaster divaricatus,Cotoneaster divaricatus,160947,species,new,1,yes,exotic,Tracheophyta
Cotoneaster franchetii,Cotoneaster franchetii,1319212,species,new,1,yes,exotic,Tracheophyta
Cotoneaster horizontalis,Cotoneaster horizontalis,53771,species,confirmed,1,yes,exotic,Tracheophyta
Cotoneaster lacteus,Cotoneaster coriaceus,411074,species,new,0.833333333333333,no,unknown,Tracheophyta
Cotoneaster qungbixiensis,Cotoneaster qungbixiensis,993678,species,new,0.0526315789473684,yes,unknown,Tracheophyta
Cotoneaster rehderi,Cotoneaster rehderi,160951,species,confirmed,1,yes,exotic,Tracheophyta
Cotoneaster salicifolius,Cotoneaster salicifolius,337820,species,new,1,no,exotic,Tracheophyta
Cotoneaster simonsii,Cotoneaster simonsii,76461,species,new,1,yes,exotic,Tracheophyta
Cotoneaster spp.,Cotoneaster,53376,species,new,0.863309352517986,yes,unknown,Tracheophyta
Cotula coronopifolia,Cotula coronopifolia,58812,species,confirmed,0.989010989010989,yes,exotic,Tracheophyta
Crassula aquatica,Crassula aquatica,58135,species,unconfirmed,0.266666666666667,yes,native,Tracheophyta
Crassula connata,Crassula connata,57016,species,confirmed,1,yes,native,Tracheophyta
Crassula tillaea,Crassula tillaea,58883,species,confirmed,1,yes,exotic,Tracheophyta
Crataegus douglasii,Crataegus douglasii,76469,species,confirmed,1,yes,native,Tracheophyta
Crataegus gaylussacia,Crataegus suksdorfii; Crataegus gaylussacia,1551517; 76470,species,confirmed,0.988372093023256,yes,native,Tracheophyta
Crataegus laevigata,Crataegus laevigata,54428,species,new,0.75,no,exotic,Tracheophyta
Crataegus monogyna var. monogyna,Crataegus monogyna,51147,complex,confirmed,1,yes,exotic,Tracheophyta
Crataegus shuswapensis,Crataegus shuswapensis,1280108,species,new,0.899280575539568,yes,native,Tracheophyta
Crepis capillaris,Crepis capillaris,54050,species,confirmed,1,yes,exotic,Tracheophyta
Crocidium multicaule,Crocidium multicaule,57524,species,confirmed,1,yes,native,Tracheophyta
Crocus × stellaris,Crocus × stellaris,487126,hybrid,new,0.833333333333333,no,exotic,Tracheophyta
Crocus vernus,Crocus vernus,55769,species,new,1,no,exotic,Tracheophyta
Cryptantha torreyana,Cryptantha torreyana,,,,,no,native,Tracheophyta
Cryptogramma acrostichoides,Cryptogramma acrostichoides,76536,species,confirmed,1,yes,native,Tracheophyta
Cuscuta cephalanthi,Cuscuta cephalanthi,52727,species,confirmed,0.985714285714286,yes,exotic,Tracheophyta
Cuscuta pacifica var. pacifica,Cuscuta pacifica pacifica; Cuscuta pacifica,80645; 76553,variety,confirmed,1,yes,native,Tracheophyta
Cuscuta pentagona,Cuscuta pentagona,,,unconfirmed,0.388489208633094,yes,native,Tracheophyta
Cyclamen hederifolium,Cyclamen hederifolium,127355,species,confirmed,1,yes,exotic,Tracheophyta
Cymbalaria muralis ssp. muralis,Cymbalaria muralis,55727,species,new,1,no,exotic,Tracheophyta
Cynodon dactylon var. dactylon,Cynodon dactylon,,,unconfirmed,0.0863309352517986,yes,exotic,Tracheophyta
Cynosurus cristatus,Cynosurus cristatus,76581,species,confirmed,1,yes,exotic,Tracheophyta
Cynosurus echinatus,Cynosurus echinatus,47695,species,confirmed,1,yes,exotic,Tracheophyta
Cyperus esculentus var. leptostachyus,Cyperus esculentus,76584,species,new,0.884892086330935,yes,exotic,Tracheophyta
Cypripedium montanum,Cypripedium montanum,,,,,no,native,Tracheophyta
Cystopteris fragilis,Cystopteris fragilis,58755,species,confirmed,1,yes,native,Tracheophyta
Cytisus procumbens,Cytisus procumbens,897622,species,new,0.272727272727273,yes,exotic,Tracheophyta
Cytisus scoparius,Cytisus scoparius,48538,species,confirmed,1,yes,exotic,Tracheophyta
Dactylis glomerata,Dactylis glomerata,52720,species,confirmed,1,yes,exotic,Tracheophyta
Danthonia californica,Danthonia californica,57165,species,confirmed,,yes,native,Tracheophyta
Danthonia intermedia ssp. intermedia,Danthonia intermedia,,species,unconfirmed,0.79136690647482,yes,native,Tracheophyta
Danthonia spicata,Danthonia spicata,130174,species,new,0.971223021582734,no,native,Tracheophyta
Danthonia unispicata,Danthonia unispicata,76605,species,unconfirmed,0.640287769784173,yes,native,Tracheophyta
Daphne laureola,Daphne laureola,127391,species,confirmed,1,yes,exotic,Tracheophyta
Daphne mezereum,Daphne mezereum,133034,species,new,0.971223021582734,no,exotic,Tracheophyta
Datura innoxia,Datura innoxia,161639,species,new,0.157894736842105,yes,exotic,Tracheophyta
Datura stramonium,Datura stramonium,55854,species,confirmed,0.977777777777778,yes,exotic,Tracheophyta
Daucus carota,Daucus carota,76610,species,confirmed,,yes,exotic,Tracheophyta
Daucus pusillus,Daucus pusillus,56726,species,confirmed,1,yes,native,Tracheophyta
Delphinium ajacis,Consolida ajacis; Delphinium ajacis,401314,species,new,1,yes,exotic,Tracheophyta
Delphinium elatum,Delphinium elatum,161664,species,new,0.964028776978417,no,exotic,Tracheophyta
Delphinium menziesii var. menziesii,Delphinium menziesii; Delphinium menziesii menziesii,153479; 153478,variety,confirmed,,yes,native,Tracheophyta
Deschampsia cespitosa,Deschampsia cespitosa,76639,species,confirmed,1,yes,native,Tracheophyta
Deschampsia danthonioides,Deschampsia danthonioides,57164,species,confirmed,0.988372093023256,yes,native,Tracheophyta
Deschampsia elongata,Deschampsia elongata,52722,species,confirmed,,yes,native,Tracheophyta
Descurainia pinnata ssp. brachycarpa,Descurainia pinnata brachycarpon; Descurainia pinnata brachycarpa,59235,subspecies,unconfirmed,0.122448979591837,yes,native,Tracheophyta
Descurainia sophia,Descurainia sophia,58074,species,confirmed,0.962025316455696,yes,exotic,Tracheophyta
Dianthus armeria ssp. armeria,Dianthus armeria,64541,species,confirmed,1,yes,exotic,Tracheophyta
Dianthus barbatus ssp. barbatus,Dianthus barbatus,60015,species,new,1,no,exotic,Tracheophyta
Dicentra formosa ssp. Formosa,Dicentra formosa,51048,species,confirmed,1,yes,native,Tracheophyta
Dichanthelium acuminatum var. fasciculatum,Dichanthelium acuminatum; Dichanthelium lanuginosum,148953,variety,unconfirmed,0.333333333333333,yes,native,Tracheophyta
Dichanthelium oligosanthes ssp. scribnerianum,Dichanthelium scribnerianum,1412639,variety,unconfirmed,0.3125,yes,native,Tracheophyta
Digitalis purpurea,Digitalis purpurea,53983,species,new,1,yes,exotic,Tracheophyta
Digitaria ischaemum,Digitaria ischaemum,76658,species,new,1,no,exotic,Tracheophyta
Digitaria sanguinalis,Digitaria sanguinalis,51633,species,new,1,no,exotic,Tracheophyta
Diplotaxis tenuifolia,Diplotaxis tenuifolia,76665,species,new,0.833333333333333,no,exotic,Tracheophyta
Dipsacus fullonum,Dipsacus fullonum,56002,species,new,1,yes,exotic,Tracheophyta
Distichlis spicata,Distichlis spicata; Distichlis spicata spicata,58372; 315501,species,confirmed,1,yes,native,Tracheophyta
Dodecatheon hendersonii,Primula hendersonii,487175,species,confirmed,1,yes,native,Tracheophyta
Doronicum pardalianches,Doronicum pardalianches,61521,species,new,1,no,exotic,Tracheophyta
Draba verna,Draba verna,55823,species,confirmed,1,yes,exotic,Tracheophyta
Drosera anglica,Drosera anglica,52655,species,unconfirmed,0.618705035971223,yes,native,Tracheophyta
Drosera rotundifolia,Drosera rotundifolia,52658,species,confirmed,0.982608695652174,yes,native,Tracheophyta
Drymocallis glandulosa var. glandulosa,Drymocallis glandulosa,76716,species,confirmed,1,yes,native,Tracheophyta
Dryopteris expansa,Dryopteris expansa,64055,species,confirmed,1,yes,native,Tracheophyta
Dulichium arundinaceum var. arundinaceum,Dulichium arundinaceum,76745,species,confirmed,0.981818181818182,yes,native,Tracheophyta
Echinochloa crus-galli,Echinochloa crus-galli,60283,species,confirmed,,yes,exotic,Tracheophyta
Echinocystis lobata,Echinocystis lobata,48618,species,unconfirmed,0.258992805755396,yes,exotic,Tracheophyta
Echium vulgare,Echium vulgare,56174,species,confirmed,1,yes,exotic,Tracheophyta
Egeria densa,Egeria densa; Elodea densa,1555600,species,confirmed,0.862745098039216,yes,exotic,Tracheophyta
Eleocharis acicularis,Eleocharis acicularis,57020,species,unconfirmed,0.690647482014388,yes,native,Tracheophyta
Eleocharis macrostachya,Eleocharis macrostachya,59064,species,unconfirmed,0.696428571428571,yes,native,Tracheophyta
Eleocharis obtusa,Eleocharis obtusa,76779,species,confirmed,0.677966101694915,yes,native,Tracheophyta
Eleocharis palustris,Eleocharis palustris,76782,complex,confirmed,1,yes,native,Tracheophyta
Eleocharis parvula,Eleocharis parvula,,,unconfirmed,0.690647482014388,yes,native,Tracheophyta
Elodea canadensis,Elodea canadensis,76793,species,confirmed,1,yes,native,Tracheophyta
Elymus glaucus,Elymus glaucus,52791,species,confirmed,1,yes,native,Tracheophyta
Elymus glaucus ssp. glaucus,Elymus glaucus glaucus,57171,subspecies,confirmed,,yes,native,Tracheophyta
Elymus glaucus ssp. virescens,Elymus glaucus virescens,61203,subspecies,unconfirmed,0.495726495726496,yes,native,Tracheophyta
Elymus hirsutus,Elymus hirsutus,162281,species,unconfirmed,0.477477477477477,yes,native,Tracheophyta
Elymus repens,Elymus repens,60284,species,confirmed,0.988888888888889,yes,exotic,Tracheophyta
Elymus trachycaulus,Elymus trachycaulus,61202,species,confirmed,0.991071428571429,yes,native,Tracheophyta
Elymus trachycaulus ssp. trachycaulus,Elymus trachycaulus trachycaulus,636557,subspecies,unconfirmed,0.558558558558559,yes,native,Tracheophyta
Empetrum nigrum,Empetrum nigrum,,species,unconfirmed,0.273381294964029,no,native,Tracheophyta
Epilobium brachycarpum,Epilobium brachycarpum,52971,species,confirmed,0.991452991452991,yes,native,Tracheophyta
Epilobium ciliatum,Epilobium ciliatum,53050,species,new,1,no,native,Tracheophyta
Epilobium ciliatum ssp. ciliatum,Epilobium ciliatum ciliatum,53045,subspecies,confirmed,-16.0940170940171,yes,native,Tracheophyta
Epilobium densiflorum,Epilobium densiflorum,57149,species,confirmed,1,yes,native,Tracheophyta
Epilobium hallianum,Epilobium hallianum,76831,species,confirmed,0.967741935483871,yes,native,Tracheophyta
Epilobium hirsutum,Epilobium hirsutum,84517,species,confirmed,0.96969696969697,yes,exotic,Tracheophyta
Epilobium hornemannii ssp. hornemannii,Epilobium hornemannii hornemannii,,,,,no,native,Tracheophyta
Epilobium minutum,Epilobium minutum; Epilobium ravenii,57150; 1490819,species,confirmed,1,yes,native,Tracheophyta
Epilobium obscurum,Epilobium obscurum,162366,species,new,0.0588235294117647,yes,exotic,Tracheophyta
Epilobium tetragonum ssp. tetragonum,Epilobium tetragonum,56622,species,new,0.2,yes,exotic,Tracheophyta
Epilobium torreyi,Epilobium torreyi,58949,species,unconfirmed,0.25,yes,native,Tracheophyta
Epipactis helleborine,Epipactis helleborine,50717,species,confirmed,,yes,exotic,Tracheophyta
Equisetum arvense,Equisetum arvense,52724,species,confirmed,1,yes,native,Tracheophyta
Equisetum hyemale ssp. affine,Equisetum hyemale affine; Equisetum hyemale,53910; 52673,subspecies,confirmed,1,yes,native,Tracheophyta
Equisetum telmateia ssp. braunii,Equisetum telmateia braunii; Equisetum telmateia,57032; 57030,subspecies,confirmed,,yes,native,Tracheophyta
Erigeron philadelphicus,Erigeron philadelphicus,67820,species,new,0.97841726618705,no,native,Tracheophyta
Eriophyllum lanatum var. leucophyllum,Eriophyllum lanatum leucophyllum; Eriophyllum lanatum,77049,variety,confirmed,1,yes,native,Tracheophyta
Erodium cicutarium ssp. cicutarium,Erodium cicutarium,47687,complex,confirmed,1,yes,exotic,Tracheophyta
Eruca vesicaria ssp. sativa,Eruca vesicaria,77058,species,new,1,no,exotic,Tracheophyta
Erysimum capitatum var. purshii,Erysimum capitatum,50628,species,new,1,no,native,Tracheophyta
Erysimum cheiranthoides,Erysimum cheiranthoides,77068,species,confirmed,,yes,exotic,Tracheophyta
Erysimum cheiri,Erysimum cheiri; Erysimum × cheiri,55892,species,confirmed,1,yes,exotic,Tracheophyta
Erythranthe alsinoides,Erythranthe alsinoides,771843,species,confirmed,1,yes,native,Tracheophyta
Erythranthe guttata,Erythranthe guttata,470643,species,confirmed,1,yes,native,Tracheophyta
Erythranthe microphylla,Erythranthe microphylla,453717,species,confirmed,1,yes,native,Tracheophyta
Erythranthe moschata,Erythranthe moschata,453644,species,confirmed,1,yes,native,Tracheophyta
Erythranthe nasuta,Erythranthe nasuta,545973,species,confirmed,1,yes,native,Tracheophyta
Erythranthe ptilota,Erythranthe ptilota,771908,species,new,0.5,no,native,Tracheophyta
Erythranthe sookensis,Erythranthe sookensis,,,unconfirmed,0.258992805755396,yes,native,Tracheophyta
Erythronium oregonum ssp. oregonum,Erythronium oregonum,59520,species,confirmed,,yes,native,Tracheophyta
Erythronium revolutum,Erythronium revolutum,77081,species,new,1,no,native,Tracheophyta
Eschscholzia californica,Eschscholzia californica californica; Eschscholzia californica,48225,species,confirmed,1,yes,exotic,Tracheophyta
Eucephalus engelmannii,Eucephalus engelmannii,,,unconfirmed,0.20863309352518,yes,native,Tracheophyta
Euonymus europaeus,Euonymus europaeus,55847,species,new,1,no,exotic,Tracheophyta
Eupatorium cannabinum,Eupatorium cannabinum,55976,species,new,0.5,no,exotic,Tracheophyta
Euphorbia cyparissias,Euphorbia cyparissias,55766,species,new,1,no,exotic,Tracheophyta
Euphorbia exigua,Euphorbia exigua,162822,species,unconfirmed,0.0697674418604651,yes,exotic,Tracheophyta
Euphorbia helioscopia,Euphorbia helioscopia,56292,species,new,0.888888888888889,yes,exotic,Tracheophyta
Euphorbia lathyris,Euphorbia lathyris,77114,species,new,1,no,exotic,Tracheophyta
Euphorbia maculata,Euphorbia maculata,58893,species,new,0.941176470588235,yes,exotic,Tracheophyta
Euphorbia myrsinites,Euphorbia myrsinites,82511,species,new,1,no,exotic,Tracheophyta
Euphorbia oblongata,Euphorbia oblongata,77117,species,new,1,yes,exotic,Tracheophyta
Euphorbia peplus,Euphorbia peplus,57036,species,new,1,yes,exotic,Tracheophyta
Euphorbia virgata,Euphorbia virgata,77120,species,new,0.842105263157895,yes,exotic,Tracheophyta
Eurybia radulina,Eurybia radulina,52974,species,confirmed,0.964285714285714,yes,native,Tracheophyta
Euthamia graminifolia,Euthamia graminifolia,130989,species,new,0.166666666666667,no,native,Tracheophyta
Fallopia bohemica,Reynoutria × bohemica,850784,hybrid,new,0.833333333333333,no,exotic,Tracheophyta
Fallopia convolvulus,Fallopia convolvulus,77129,species,confirmed,1,yes,exotic,Tracheophyta
Fallopia japonica,Reynoutria japonica,914922,species,new,1,no,exotic,Tracheophyta
Fallopia sachalinensis,Reynoutria sachalinensis,593040,species,new,1,yes,exotic,Tracheophyta
Festuca ammobia,Festuca ammobia,181756,species,confirmed,1,yes,native,Tracheophyta
Festuca idahoensis,Festuca idahoensis,61200,species,confirmed,0.984848484848485,yes,native,Tracheophyta
Festuca occidentalis,Festuca occidentalis,59091,species,confirmed,1,yes,native,Tracheophyta
Festuca roemeri var. roemeri,Festuca roemeri,162962,species,confirmed,1,yes,native,Tracheophyta
Festuca rubra,Festuca rubra,61061,species,confirmed,1,yes,native,Tracheophyta
Festuca subulata,Festuca subulata,77145,species,confirmed,0.963963963963964,yes,native,Tracheophyta
Festuca subuliflora,Festuca subuliflora,77146,species,confirmed,0.992753623188406,yes,native,Tracheophyta
Festuca trachyphylla,Festuca trachyphylla,77148,species,confirmed,0.884057971014493,yes,exotic,Tracheophyta
Festuca valesiaca,Festuca valesiaca,,,,,no,exotic,Tracheophyta
Ficaria verna,Ficaria verna,204321,species,new,1,yes,exotic,Tracheophyta
Filago vulgaris,Filago vulgaris; Filago germanica,634625,species,new,0.9,yes,exotic,Tracheophyta
Foeniculum vulgare,Foeniculum vulgare,53052,species,confirmed,1,yes,exotic,Tracheophyta
Fragaria × ananassa,Fragaria × ananassa,55366,hybrid,new,0.6,no,unknown,Tracheophyta
Fragaria chiloensis,Fragaria chiloensis,55367,species,confirmed,1,yes,native,Tracheophyta
Fragaria vesca,Fragaria vesca,50298,species,confirmed,1,yes,native,Tracheophyta
Fragaria vesca ssp. californica,Fragaria vesca californica,,,unconfirmed,0.0719424460431655,yes,native,Tracheophyta
Fragaria virginiana,Fragaria virginiana,77155,species,confirmed,1,yes,native,Tracheophyta
Fragaria virginiana ssp. glauca,Fragaria virginiana glauca,,,unconfirmed,0.18705035971223,yes,native,Tracheophyta
Frangula purshiana ssp. purshiana,Frangula purshiana,77156,species,confirmed,1,yes,native,Tracheophyta
Fraxinus excelsior,Fraxinus excelsior,125440,species,confirmed,1,yes,exotic,Tracheophyta
Fraxinus latifolia,Fraxinus latifolia,63878,species,confirmed,1,yes,exotic,Tracheophyta
Fraxinus ornus,Fraxinus ornus,319281,species,new,1,yes,exotic,Tracheophyta
Fraxinus pennsylvanica,Fraxinus pennsylvanica,54808,species,new,0.875,yes,exotic,Tracheophyta
Fritillaria affinis,Fritillaria affinis,50618,species,confirmed,1,yes,native,Tracheophyta
Fritillaria camschatcensis,Fritillaria camschatcensis,128770,species,new,1,no,native,Tracheophyta
Fumaria muralis,Fumaria muralis,129075,species,new,1,no,exotic,Tracheophyta
Fumaria officinalis,Fumaria officinalis,53785,species,confirmed,0.961538461538461,yes,exotic,Tracheophyta
Gaillardia aristata,Gaillardia aristata,77183,species,new,1,no,native,Tracheophyta
Galanthus elwesii,Galanthus elwesii,57514,species,new,1,yes,exotic,Tracheophyta
Galega officinalis,Galega officinalis,157393,species,new,0.4,no,exotic,Tracheophyta
Galeopsis bifida,Galeopsis bifida,55967,species,new,0.625,no,exotic,Tracheophyta
Galeopsis tetrahit,Galeopsis tetrahit,,,new,0.964028776978417,unknown,exotic,Tracheophyta
Galium aparine,Galium aparine,53059,complex,confirmed,1,yes,native,Tracheophyta
Galium boreale,Galium boreale,77188,species,confirmed,0.973684210526316,yes,native,Tracheophyta
Galium murale,Galium murale,59005,species,new,0.888888888888889,yes,exotic,Tracheophyta
Galium odoratum,Galium odoratum,56065,species,new,1,yes,exotic,Tracheophyta
Galium spurium,Galium spurium,208784,species,new,1,yes,exotic,Tracheophyta
Galium trifidum,Galium trifidum,77216,species,confirmed,0.983870967741935,yes,native,Tracheophyta
Galium triflorum,Galium triflorum,53065,species,confirmed,1,yes,native,Tracheophyta
Galium verum,Galium verum,84328,species,confirmed,0.941176470588235,yes,exotic,Tracheophyta
Gamochaeta purpurea,Gamochaeta purpurea,60957,species,unconfirmed,0.113636363636364,yes,native,Tracheophyta
Gamochaeta ustulata,Gamochaeta ustulata,77224,species,new,1,no,exotic,Tracheophyta
Gaultheria shallon,Gaultheria shallon,48441,species,confirmed,1,yes,native,Tracheophyta
Genista tinctoria,Genista tinctoria,163222,species,new,0.877697841726619,yes,exotic,Tracheophyta
Gentianella amarella ssp. acuta,Gentianella amarella,,,,,no,native,Tracheophyta
Geranium bicknellii,Geranium bicknellii,77251,species,confirmed,0.991452991452991,yes,native,Tracheophyta
Geranium carolinianum,Geranium carolinianum,58917,species,confirmed,1,yes,native,Tracheophyta
Geranium dissectum,Geranium dissectum,53075,species,confirmed,1,yes,exotic,Tracheophyta
Geranium ibericum,Geranium ibericum,163261,species,unconfirmed,0.0719424460431655,yes,exotic,Tracheophyta
Geranium lucidum,Geranium lucidum,77255,species,confirmed,1,yes,exotic,Tracheophyta
Geranium molle,Geranium molle,53076,complex,confirmed,,yes,exotic,Tracheophyta
Geranium purpureum,Geranium purpureum,57643,species,new,1,no,exotic,Tracheophyta
Geranium pusillum,Geranium pusillum,60204,species,confirmed,1,yes,exotic,Tracheophyta
Geranium robertianum,Geranium robertianum,55925,species,confirmed,1,yes,exotic,Tracheophyta
Geum aleppicum,Geum aleppicum,77265,species,confirmed,0.979591836734694,yes,native,Tracheophyta
Geum macrophyllum var. macrophyllum,Geum macrophyllum; Geum macrophyllum macrophyllum,77266; 80908,variety,confirmed,1,yes,native,Tracheophyta
Gilia capitata var. capitata,Gilia capitata,57793,species,confirmed,0.991071428571429,yes,native,Tracheophyta
Githopsis specularioides,Githopsis specularioides,58867,species,confirmed,0.916666666666667,yes,native,Tracheophyta
Glechoma hederacea,Glechoma hederacea,55830,species,new,1,no,exotic,Tracheophyta
Glehnia littoralis ssp. leiocarpa,Glehnia littoralis; Glehnia littoralis leiocarpa,77282; 79928,subspecies,confirmed,1,yes,native,Tracheophyta
Glyceria borealis,Glyceria borealis,77287,species,unconfirmed,0.765765765765766,yes,native,Tracheophyta
Glyceria declinata,Glyceria declinata,77288,species,unconfirmed,0.618705035971223,yes,exotic,Tracheophyta
Glyceria elata,Glyceria elata,77289,species,confirmed,0.980952380952381,yes,native,Tracheophyta
Glyceria grandis var. grandis,Glyceria grandis,77291,species,new,0.666666666666667,no,native,Tracheophyta
Glyceria leptostachya,Glyceria leptostachya,77292,species,unconfirmed,0.611510791366906,yes,native,Tracheophyta
Glyceria maxima,Glyceria maxima,163336,species,confirmed,1,yes,exotic,Tracheophyta
Glyceria occidentalis,Glyceria × occidentalis; Glyceria occidentalis,61060,species,confirmed,0.980769230769231,yes,native,Tracheophyta
Glyceria striata,Glyceria striata,77293,species,confirmed,0.972972972972973,yes,native,Tracheophyta
Gnaphalium palustre,Gnaphalium palustre,57980,species,confirmed,0.973684210526316,yes,native,Tracheophyta
Gnaphalium uliginosum,Gnaphalium uliginosum,136366,species,confirmed,1,yes,exotic,Tracheophyta
Goodyera oblongifolia,Goodyera oblongifolia,50719,species,confirmed,1,yes,native,Tracheophyta
Gratiola ebracteata,Gratiola ebracteata,77300,species,confirmed,0.965811965811966,yes,native,Tracheophyta
Gratiola neglecta,Gratiola neglecta,,,unconfirmed,0.618705035971223,unknown,native,Tracheophyta
Gratiola virginiana,Gratiola virginiana,,,,,no,unknown,Tracheophyta
Grindelia hirsutula var. hirsutula,Grindelia hirsutula,55364,species,new,1,no,native,Tracheophyta
Grindelia integrifolia,Grindelia integrifolia,124526,species,confirmed,1,yes,native,Tracheophyta
Grindelia stricta,Grindelia stricta stricta; Grindelia stricta,80915; 61992,species,confirmed,1,yes,native,Tracheophyta
Gymnocarpium disjunctum,Gymnocarpium disjunctum,120491,species,new,0.97841726618705,no,native,Tracheophyta
Gypsophila paniculata,Gypsophila paniculata,77315,species,new,0.870503597122302,yes,exotic,Tracheophyta
Halerpestes cymbalaria,Halerpestes cymbalaria,941891,species,new,0.985611510791367,no,native,Tracheophyta
Hedera helix,Hedera helix,55882,species,confirmed,1,yes,exotic,Tracheophyta
Hedera hibernica,Hedera hibernica,163549,species,new,1,yes,exotic,Tracheophyta
Helenium autumnale,Helenium autumnale,77349,species,confirmed,0.9921875,yes,native,Tracheophyta
Helianthus maximiliani,Helianthus maximiliani,130192,species,unconfirmed,0.194244604316547,yes,native,Tracheophyta
Helianthus tuberosus,Helianthus tuberosus,122970,species,confirmed,0.5,yes,exotic,Tracheophyta
Hemizonella minima,Hemizonella minima,77367,species,unconfirmed,0.602739726027397,yes,native,Tracheophyta
Heracleum mantegazzianum,Heracleum mantegazzianum,130228,species,confirmed,1,yes,exotic,Tracheophyta
Heracleum maximum,Heracleum maximum,53094,species,confirmed,1,yes,native,Tracheophyta
Heracleum sphondylium,Heracleum sphondylium,163682,species,new,0.125,yes,exotic,Tracheophyta
Hesperis matronalis,Hesperis matronalis,47697,species,confirmed,,yes,exotic,Tracheophyta
Heterocodon rariflorus,Heterocodon rariflorum,58868,species,confirmed,0.979591836734694,yes,native,Tracheophyta
Heuchera micrantha var. diversifolia,Heuchera micrantha diversifolia; Heuchera micrantha,51344; 51274,variety,confirmed,1,yes,native,Tracheophyta
Hieracium albiflorum,Hieracium albiflorum,63937,species,confirmed,1,yes,native,Tracheophyta
Hieracium aurantiacum,Pilosella aurantiaca,711103,species,new,1,yes,exotic,Tracheophyta
Hieracium maculatum,Hieracium maculatum,163791,species,new,0.947368421052632,yes,exotic,Tracheophyta
Hieracium umbellatum ssp. umbellatum,Hieracium umbellatum,55909,species,new,0.971223021582734,no,exotic,Tracheophyta
Hippuris vulgaris,Hippuris vulgaris,77422,species,confirmed,1,yes,native,Tracheophyta
Holcus lanatus,Holcus lanatus,52793,species,confirmed,,yes,exotic,Tracheophyta
Holcus mollis,Holcus mollis,77427,species,confirmed,0.857142857142857,yes,exotic,Tracheophyta
Holodiscus discolor var. discolor,Holodiscus discolor discolor; Holodiscus discolor,53414,variety,confirmed,1,yes,native,Tracheophyta
Holosteum umbellatum ssp. umbellatum,Holosteum umbellatum,77429,species,unconfirmed,0.0116279069767442,yes,exotic,Tracheophyta
Honckenya peploides ssp. major,Honckenya peploides major; Honckenya peploides,129448; 129446,subspecies,confirmed,1,yes,native,Tracheophyta
Hordeum brachyantherum ssp. brachyantherum,Hordeum brachyantherum,57173,species,confirmed,1,yes,native,Tracheophyta
Hordeum jubatum,Hordeum jubatum,60287,species,confirmed,0.979591836734694,yes,native,Tracheophyta
Hordeum jubatum ssp. intermedium,Hordeum jubatum intermedium,236440,subspecies,unconfirmed,0.183333333333333,yes,native,Tracheophyta
Hordeum jubatum ssp. jubatum,Hordeum jubatum jubatum,,,,,no,native,Tracheophyta
Hordeum marinum ssp. gussoneanum,Hordeum marinum gussoneanum; Hordeum marinum,63879; 57181,subspecies,confirmed,1,yes,exotic,Tracheophyta
Hordeum murinum,Hordeum murinum,52796,species,confirmed,1,yes,exotic,Tracheophyta
Hordeum murinum ssp. glaucum,Hordeum murinum glaucum,61204,subspecies,new,0.870503597122302,yes,exotic,Tracheophyta
Hordeum murinum ssp. leporinum,Hordeum murinum leporinum,52795,species,unconfirmed,0.508771929824561,yes,exotic,Tracheophyta
Hordeum murinum ssp. murinum,Hordeum murinum murinum,,,new,0.820143884892086,yes,exotic,Tracheophyta
Hordeum pusillum,Hordeum pusillum,129018,species,unconfirmed,0.102040816326531,yes,native,Tracheophyta
Hordeum vulgare,Hordeum vulgare,57182,species,new,1,no,exotic,Tracheophyta
Hosackia gracilis,Hosackia gracilis,50841,species,confirmed,1,yes,native,Tracheophyta
Humulus lupulus var. neomexicanus,Humulus neomexicanus,1527029,species,new,0.833333333333333,no,unknown,Tracheophyta
Hyacinthoides hispanica,Hyacinthoides hispanica,57635,species,confirmed,1,yes,exotic,Tracheophyta
Hyacinthoides non-scripta,Hyacinthoides non-scripta,56132,species,confirmed,1,yes,exotic,Tracheophyta
Hydrophyllum tenuipes,Hydrophyllum tenuipes,77472,species,confirmed,1,yes,native,Tracheophyta
Hypericum anagalloides,Hypericum anagalloides,61032,species,confirmed,1,yes,native,Tracheophyta
Hypericum androsaemum,Hypericum androsaemum,77480,species,confirmed,1,yes,exotic,Tracheophyta
Hypericum calycinum,Hypericum calycinum,77481,species,confirmed,1,yes,exotic,Tracheophyta
Hypericum perforatum ssp. perforatum,Hypericum perforatum,56077,complex,confirmed,1,yes,exotic,Tracheophyta
Hypericum scouleri,Hypericum scouleri,77484,species,confirmed,0.973684210526316,yes,native,Tracheophyta
Hypochaeris glabra,Hypochaeris glabra,53103,species,confirmed,1,yes,exotic,Tracheophyta
Hypochaeris radicata,Hypochaeris radicata,53104,species,confirmed,1,yes,exotic,Tracheophyta
Idahoa scapigera,Idahoa scapigera,77486,species,confirmed,0.985507246376812,yes,native,Tracheophyta
Ilex aquifolium,Ilex aquifolium,53856,species,confirmed,1,yes,exotic,Tracheophyta
Impatiens capensis,Impatiens capensis,47888,species,new,1,yes,native,Tracheophyta
Impatiens glandulifera,Impatiens glandulifera,47892,species,confirmed,0.988095238095238,yes,exotic,Tracheophyta
Impatiens parviflora,Impatiens parviflora,51736,species,confirmed,0.971428571428572,yes,exotic,Tracheophyta
Ionopsidium acaule,Ionopsidium acaule,164074,species,confirmed,0.657142857142857,yes,exotic,Tracheophyta
Iris foetidissima,Iris foetidissima,64331,species,new,1,no,exotic,Tracheophyta
Iris pseudacorus,Iris pseudacorus,47779,species,confirmed,1,yes,exotic,Tracheophyta
Isatis tinctoria,Isatis tinctoria,77509,species,new,0.971223021582734,no,exotic,Tracheophyta
Isoetes maritima,Isoetes maritima,137473,species,unconfirmed,0.522522522522523,yes,native,Tracheophyta
Isoetes nuttallii,Isoetes nuttallii,63827,species,confirmed,1,yes,native,Tracheophyta
Isoetes tenella,Isoetes tenella; Isoetes echinospora,77513,species,unconfirmed,0.615942028985507,yes,native,Tracheophyta
Isolepis cernua,Isolepis cernua,60257,species,confirmed,1,yes,native,Tracheophyta
Isolepis setacea,Isolepis setacea,77517,species,unconfirmed,0.539568345323741,yes,exotic,Tracheophyta
Jacobaea maritima,Jacobaea maritima,357682,species,new,1,yes,exotic,Tracheophyta
Jacobaea vulgaris,Jacobaea vulgaris,62498,species,confirmed,1,yes,exotic,Tracheophyta
Jasminum nudiflorum,Jasminum nudiflorum,164232,species,new,1,no,exotic,Tracheophyta
Jaumea carnosa,Jaumea carnosa,60969,species,confirmed,0.983606557377049,yes,native,Tracheophyta
Juglans regia,Juglans regia,63935,species,confirmed,0.980769230769231,yes,exotic,Tracheophyta
Juncus acuminatus,Juncus acuminatus,77549,species,unconfirmed,0.726495726495726,yes,native,Tracheophyta
Juncus alpinoarticulatus,Juncus alpinoarticulatus,164252,species,unconfirmed,0.539568345323741,yes,native,Tracheophyta
Juncus articulatus,Juncus articulatus,77552,species,confirmed,1,yes,native,Tracheophyta
Juncus balticus ssp. ater,Juncus balticus; Juncus balticus ater,58347; 79959,subspecies,confirmed,1,yes,native,Tracheophyta
Juncus bolanderi,Juncus bolanderi,77553,species,confirmed,0.982905982905983,yes,native,Tracheophyta
Juncus bufonius var. bufonius,Juncus bufonius,57107,species,confirmed,1,yes,native,Tracheophyta
Juncus bulbosus,Juncus bulbosus,132323,species,confirmed,0.981818181818182,yes,exotic,Tracheophyta
Juncus canadensis,Juncus canadensis,84146,species,confirmed,0.979591836734694,yes,exotic,Tracheophyta
Juncus covillei,Juncus covillei,77561,species,confirmed,0.947368421052632,yes,native,Tracheophyta
Juncus effusus,Juncus effusus,56153,species,confirmed,1,yes,native,Tracheophyta
Juncus effusus ssp. effusus,Juncus effusus effusus,79961,subspecies,new,0.899280575539568,yes,native,Tracheophyta
Juncus effusus ssp. pacificus,Juncus effusus pacificus,57108,subspecies,confirmed,0.992424242424243,yes,native,Tracheophyta
Juncus ensifolius var. ensifolius,Juncus ensifolius,77569,species,confirmed,1,yes,native,Tracheophyta
Juncus filiformis,Juncus filiformis,,,unconfirmed,0.496402877697842,yes,native,Tracheophyta
Juncus gerardii ssp. gerardii,Juncus gerardi,320881,species,confirmed,1,yes,unknown,Tracheophyta
Juncus kelloggii,Juncus kelloggii,64186,species,confirmed,0.925,yes,native,Tracheophyta
Juncus laccatus,Juncus laccatus,77577,species,unconfirmed,0.615384615384615,yes,native,Tracheophyta
Juncus lesueurii,Juncus lesueurii,164270,species,unconfirmed,0.68939393939394,yes,unknown,Tracheophyta
Juncus occidentalis,Juncus occidentalis,61826,species,confirmed,1,yes,exotic,Tracheophyta
Juncus supiniformis,Juncus supiniformis,77594,species,unconfirmed,0.223021582733813,yes,native,Tracheophyta
Juncus tenuis var. tenuis,Juncus tenuis,69930,species,confirmed,1,yes,native,Tracheophyta
Juniperus communis,Juniperus communis,58725,species,confirmed,1,yes,native,Tracheophyta
Juniperus communis var. kelleyi,Juniperus communis kelleyi,873482,variety,unconfirmed,0.244604316546763,yes,native,Tracheophyta
Juniperus scopulorum,Juniperus scopulorum; Juniperus maritima,135883; 164313,species,confirmed,1,yes,native,Tracheophyta
Kalmia microphylla var. occidentalis,Kalmia microphylla occidentalis; Kalmia microphylla,67810,variety,new,0.333333333333333,no,native,Tracheophyta
Kickxia elatine,Kickxia elatine,64332,species,confirmed,0.972222222222222,yes,exotic,Tracheophyta
Koeleria macrantha,Koeleria macrantha,57183,species,confirmed,,yes,native,Tracheophyta
Kopsiopsis hookeri,Kopsiopsis hookeri,77611,species,new,0.875,no,native,Tracheophyta
Laburnum anagyroides,Laburnum anagyroides,51810,species,confirmed,1,yes,exotic,Tracheophyta
Lactuca biennis,Lactuca biennis,77616,species,new,1,no,native,Tracheophyta
Lactuca serriola,Lactuca serriola,53107,species,new,0.944444444444444,yes,exotic,Tracheophyta
Lamium amplexicaule,Lamium amplexicaule,55459,species,confirmed,1,yes,exotic,Tracheophyta
Lamium galeobdolon subs. argentatum,Lamium galeobdolon; Lamium galeobdolon argentatum,204339; 707386,species,new,1,no,exotic,Tracheophyta
Lamium purpureum,Lamium purpureum purpureum; Lamium purpureum,241234; 55851,species,confirmed,1,yes,exotic,Tracheophyta
Lapsana communis,Lapsana communis,55981,species,confirmed,1,yes,exotic,Tracheophyta
Lasthenia maritima,Lasthenia maritima,64253,species,new,0.971223021582734,no,native,Tracheophyta
Lathyrus japonicus,Lathyrus japonicus; Lathyrus japonicus maritimus,77638; 118549,species,confirmed,1,yes,native,Tracheophyta
Lathyrus latifolius,Lathyrus latifolius,61009,species,confirmed,1,yes,exotic,Tracheophyta
Lathyrus littoralis,Lathyrus littoralis,61005,species,confirmed,1,yes,native,Tracheophyta
Lathyrus nevadensis var. nevadensis,Lathyrus nevadensis nevadensis; Lathyrus nevadensis,81015; 77640,variety,confirmed,1,yes,native,Tracheophyta
Lathyrus palustris,Lathyrus palustris,,,,,no,native,Tracheophyta
Lathyrus sylvestris,Lathyrus sylvestris,82740,species,new,1,no,exotic,Tracheophyta
Lemna minor,Lemna minor,54518,species,confirmed,1,yes,native,Tracheophyta
Lemna trisulca,Lemna trisulca,77655,species,new,0.992805755395683,no,native,Tracheophyta
Leontodon autumnalis,Scorzoneroides autumnalis,204167,species,new,0.833333333333333,no,exotic,Tracheophyta
Leontodon crispus,Leontodon crispus,60972,species,unconfirmed,0.655172413793103,yes,exotic,Tracheophyta
Leontodon saxatilis ssp. saxatilis,Leontodon saxatilis; Leontodon saxatilis saxatilis,60973; 60975,subspecies,confirmed,1,yes,exotic,Tracheophyta
Leonurus cardiaca,Leonurus cardiaca,56171,species,new,1,no,exotic,Tracheophyta
Lepidium campestre,Lepidium campestre,77663,species,confirmed,-18.6274509803922,yes,exotic,Tracheophyta
Lepidium densiflorum,Lepidium densiflorum,77666,species,confirmed,0.973214285714286,yes,native,Tracheophyta
Lepidium didymum,Lepidium didymum,60987,species,confirmed,1,yes,exotic,Tracheophyta
Lepidium draba,Lepidium draba,63352,species,unconfirmed,0.448,yes,exotic,Tracheophyta
Lepidium heterophyllum,Lepidium heterophyllum,77669,species,confirmed,,yes,exotic,Tracheophyta
Lepidium oxycarpum,Lepidium oxycarpum,60155,species,confirmed,0.96969696969697,yes,native,Tracheophyta
Lepidium ruderale,Lepidium ruderale,164526,species,unconfirmed,0.575539568345324,yes,exotic,Tracheophyta
Lepidium sativum,Lepidium sativum,164527,species,confirmed,,yes,exotic,Tracheophyta
Lepidium strictum,Lepidium strictum,,,unconfirmed,0.251798561151079,yes,unknown,Tracheophyta
Lepidium virginicum ssp. menziesii,Lepidium virginicum menziesii,79971,subspecies,confirmed,0.999502487562189,yes,native,Tracheophyta
Lepidium virginicum ssp. pubescens,Lepidium virginicum,77676,species,confirmed,,yes,native,Tracheophyta
Leptosiphon bicolor,Leptosiphon bicolor,64245,species,confirmed,1,yes,native,Tracheophyta
Leptosiphon minimus,Leptosiphon minimus,77693,species,new,0.75,no,native,Tracheophyta
Leucanthemum vulgare,Leucanthemum vulgare,56057,complex,confirmed,1,yes,exotic,Tracheophyta
Leucojum aestivum,Leucojum aestivum,55809,species,new,1,no,exotic,Tracheophyta
Leymus mollis ssp. mollis,Leymus mollis mollis; Leymus mollis,118426; 61067,subspecies,confirmed,1,yes,native,Tracheophyta
Leymus triticoides,Leymus triticoides,57184,species,confirmed,,yes,native,Tracheophyta
Leymus vancouverensis,Leymus × vancouverensis,170839,hybrid,new,0.5,no,native,Tracheophyta
Ligustrum vulgare,Ligustrum vulgare,119805,species,confirmed,1,yes,exotic,Tracheophyta
Lilaeopsis occidentalis,Lilaeopsis occidentalis,77742,species,confirmed,1,yes,native,Tracheophyta
Lilium columbianum,Lilium columbianum,77744,species,confirmed,1,yes,native,Tracheophyta
Limnanthes macounii,Limnanthes macounii,181602,species,confirmed,1,yes,native,Tracheophyta
Linaria dalmatica ssp. dalmatica,Linaria dalmatica,77776,species,new,1,yes,exotic,Tracheophyta
Linaria purpurea,Linaria purpurea,77778,species,confirmed,1,yes,exotic,Tracheophyta
Linaria vulgaris,Linaria vulgaris,50790,species,new,1,no,exotic,Tracheophyta
Linnaea borealis ssp. longiflora,Linnaea borealis; Linnaea borealis longiflora,77780; 81026,subspecies,confirmed,1,yes,native,Tracheophyta
Linum lewisii,Linum lewisii,,species,new,0.863309352517986,yes,native,Tracheophyta
Linum narbonense,Linum narbonense,209478,species,new,0.870503597122302,yes,exotic,Tracheophyta
Linum usitatissimum,Linum usitatissimum,51306,species,confirmed,0.93939393939394,yes,exotic,Tracheophyta
Lithophragma glabrum,Lithophragma glabrum,77789,species,confirmed,1,yes,native,Tracheophyta
Lithophragma parviflorum,Lithophragma parviflorum,77791,species,confirmed,1,yes,native,Tracheophyta
Lobelia pedunculata,Lobelia pedunculata,245731,species,new,1,no,exotic,Tracheophyta
Lobularia maritima,Lobularia maritima,56992,species,confirmed,1,yes,exotic,Tracheophyta
Lolium multiflorum,Lolium multiflorum,68479,species,confirmed,0.983606557377049,yes,exotic,Tracheophyta
Lolium perenne,Lolium perenne,52801,species,confirmed,1,yes,exotic,Tracheophyta
Lolium temulentum,Lolium temulentum,164712,species,new,0.985611510791367,no,exotic,Tracheophyta
Lomatium dissectum,Lomatium dissectum,77805,species,confirmed,1,yes,native,Tracheophyta
Lomatium nudicaule,Lomatium nudicaule,77818,species,confirmed,1,yes,native,Tracheophyta
Lomatium utriculatum,Lomatium utriculatum,56827,species,confirmed,1,yes,native,Tracheophyta
Lonicera ciliosa,Lonicera ciliosa,77832,species,confirmed,1,yes,native,Tracheophyta
Lonicera fragrantissima,Lonicera fragrantissima,164763,species,new,0.8,no,exotic,Tracheophyta
Lonicera hispidula,Lonicera hispidula,53416,species,confirmed,1,yes,native,Tracheophyta
Lonicera involucrata var. involucrata,Lonicera involucrata involucrata; Lonicera involucrata,81040; 60881,variety,confirmed,1,yes,native,Tracheophyta
Lotus corniculatus,Lotus corniculatus,47435,complex,confirmed,1,yes,exotic,Tracheophyta
Lotus tenuis,Lotus tenuis,77838,species,confirmed,0.990291262135922,yes,exotic,Tracheophyta
Lotus uliginosus,Lotus uliginosus,,,unconfirmed,0.733812949640288,yes,exotic,Tracheophyta
Ludwigia palustris,Ludwigia palustris,60221,species,confirmed,1,yes,native,Tracheophyta
Luina hypoleuca,Luina hypoleuca,77843,species,confirmed,,yes,native,Tracheophyta
Lunaria annua,Lunaria annua,55886,species,confirmed,1,yes,exotic,Tracheophyta
Lupinus albicaulis,Lupinus albicaulis,,variety,unconfirmed,0.0101010101010101,yes,native,Tracheophyta
Lupinus arboreus,Lupinus arboreus,61010,species,confirmed,1,yes,exotic,Tracheophyta
Lupinus arcticus ssp. arcticus,Lupinus arcticus,143688,species,confirmed,0.989609104403761,yes,native,Tracheophyta
Lupinus bicolor,Lupinus bicolor bicolor; Lupinus gussoneanus; Lupinus bicolor,237088; 493110; 50614,species,confirmed,1,yes,native,Tracheophyta
Lupinus latifolius var. latifolius,Lupinus latifolius latifolius; Lupinus latifolius,67379,variety,confirmed,1,yes,native,Tracheophyta
Lupinus lepidus var. lepidus,Lupinus lepidus; Lupinus lepidus lepidus,62689; 553345,variety,confirmed,0.992248062015504,yes,native,Tracheophyta
Lupinus littoralis var. littoralis,Lupinus littoralis,77872,species,confirmed,1,yes,native,Tracheophyta
Lupinus microcarpus,Lupinus microcarpus microcarpus; Lupinus densiflorus; Lupinus densiflorus densiflorus,768218; 241537,species,confirmed,1,yes,native,Tracheophyta
Lupinus microcarpus var. microcarpus,Lupinus microcarpus densiflorus,57058,variety,confirmed,,yes,native,Tracheophyta
Lupinus nanus,Lupinus nanus,50612,species,unconfirmed,0.748201438848921,yes,native,Tracheophyta
Lupinus oreganus var. kincaidii,Lupinus oreganus,164915,subspecies,confirmed,-18.8019801980198,yes,native,Tracheophyta
Lupinus polyphyllus,Lupinus polyphyllus,59549,species,confirmed,1,yes,native,Tracheophyta
Lupinus polyphyllus var. pallidipes,Lupinus polyphyllus pallidipes,81075,variety,confirmed,,yes,native,Tracheophyta
Lupinus polyphyllus var. polyphyllus,Lupinus polyphyllus polyphyllus,61016,variety,unconfirmed,0.949851042701092,yes,native,Tracheophyta
Luzula campestris ssp. campestris,Luzula campestris,55795,species,confirmed,0.726190476190476,yes,exotic,Tracheophyta
Luzula comosa,Luzula comosa,57111,species,new,1,no,native,Tracheophyta
Luzula comosa var. laxa,Luzula comosa laxa,81080,variety,confirmed,0.954954954954955,yes,native,Tracheophyta
Luzula macrantha,Luzula macrantha,890625,species,confirmed,1,yes,native,Tracheophyta
Luzula parviflora ssp. fastigiata,Luzula parviflora,77897,species,new,1,no,native,Tracheophyta
Luzula subsessilis,Luzula subsessilis,77901,species,confirmed,1,yes,native,Tracheophyta
Lychnis coronaria,Silene coronaria,485191,species,new,1,yes,exotic,Tracheophyta
Lycium barbarum,Lycium barbarum,77902,species,new,0.6,no,exotic,Tracheophyta
Lycopodium clavatum var. integerrimum,Lycopodium clavatum,,,unconfirmed,0.136690647482014,yes,native,Tracheophyta
Lycopus americanus,Lycopus americanus,,,unconfirmed,0.539568345323741,yes,native,Tracheophyta
Lycopus europaeus,Lycopus europaeus,133036,species,new,0.666666666666667,no,exotic,Tracheophyta
Lycopus uniflorus,Lycopus uniflorus,77915,species,confirmed,1,yes,native,Tracheophyta
Lysichiton americanus,Lysichiton americanus,48537,species,confirmed,1,yes,native,Tracheophyta
Lysimachia arvensis,Lysimachia arvensis,791928,species,confirmed,1,yes,exotic,Tracheophyta
Lysimachia ciliata,Lysimachia ciliata,62441,species,new,0.25,no,native,Tracheophyta
Lysimachia europaea,Lysimachia borealis; Lysimachia europaea,204174; 716947,species,confirmed,1,yes,unknown,Tracheophyta
Lysimachia latifolia,Lysimachia latifolia,496537,species,confirmed,1,yes,native,Tracheophyta
Lysimachia maritima,Lysimachia maritima,204175,species,new,0.952380952380952,no,native,Tracheophyta
Lysimachia minima,Lysimachia minima,204353,species,unconfirmed,0.204081632653061,yes,native,Tracheophyta
Lysimachia nummularia,Lysimachia nummularia,51809,species,new,1,no,exotic,Tracheophyta
Lysimachia punctata,Lysimachia punctata,51808,species,new,0.857142857142857,no,exotic,Tracheophyta
Lysimachia thyrsiflora,Lysimachia thyrsiflora,77917,species,new,0.8,no,native,Tracheophyta
Lysimachia vulgaris,Lysimachia vulgaris,62338,species,confirmed,0.985714285714286,yes,exotic,Tracheophyta
Lythrum salicaria,Lythrum salicaria,61321,species,confirmed,1,yes,exotic,Tracheophyta
Madia exigua,Madia exigua,56971,species,confirmed,0.89795918367347,yes,native,Tracheophyta
Madia glomerata,Madia glomerata,77923,species,confirmed,0.988505747126437,yes,native,Tracheophyta
Madia gracilis,Madia gracilis,53135,species,confirmed,1,yes,native,Tracheophyta
Madia sativa,Madia sativa,53143,species,confirmed,0.979591836734694,yes,exotic,Tracheophyta
Maianthemum dilatatum,Maianthemum dilatatum,63939,species,confirmed,,yes,native,Tracheophyta
Maianthemum racemosum ssp. amplexicaule,Maianthemum racemosum amplexicaule; Maianthemum racemosum,53012; 51062,subspecies,confirmed,1,yes,native,Tracheophyta
Maianthemum stellatum,Maianthemum stellatum,53268,species,confirmed,1,yes,native,Tracheophyta
Malus fusca,Malus fusca,77948,species,confirmed,,yes,native,Tracheophyta
Malus pumila,Malus domestica,469472,species,confirmed,1,yes,exotic,Tracheophyta
Malva moschata,Malva moschata,55977,species,new,1,yes,exotic,Tracheophyta
Malva neglecta,Malva neglecta,77952,species,confirmed,1,yes,exotic,Tracheophyta
Malva parviflora,Malva parviflora,58202,species,new,0.992805755395683,no,exotic,Tracheophyta
Malva sylvestris,Malva sylvestris,56162,species,new,1,yes,exotic,Tracheophyta
Marah oreganus,Marah oregana,77960,species,confirmed,0.990740740740741,yes,native,Tracheophyta
Marrubium vulgare,Marrubium vulgare,54605,species,confirmed,1,yes,exotic,Tracheophyta
Matricaria chamomilla,Matricaria chamomilla,77965,species,new,1,no,exotic,Tracheophyta
Matricaria discoidea,Matricaria discoidea,52992,species,confirmed,1,yes,native,Tracheophyta
Meconella oregana,Meconella oregana,77970,species,confirmed,,yes,native,Tracheophyta
Medicago arabica,Medicago arabica,61012,species,new,1,yes,exotic,Tracheophyta
Medicago lupulina,Medicago lupulina,57056,species,confirmed,,yes,exotic,Tracheophyta
Medicago polymorpha,Medicago polymorpha,53151,species,confirmed,1,yes,exotic,Tracheophyta
Medicago sativa ssp. sativa,Medicago sativa,57057,complex,new,1,no,exotic,Tracheophyta
Melica harfordii,Melica harfordii,77983,species,confirmed,0.88235294117647,yes,native,Tracheophyta
Melica subulata,Melica subulata,77986,species,confirmed,1,yes,native,Tracheophyta
Melilotus albus,Melilotus albus,58907,species,new,1,no,exotic,Tracheophyta
Melilotus officinalis,Melilotus officinalis,57066,species,new,0.857142857142857,no,exotic,Tracheophyta
Melissa officinalis,Melissa officinalis,59901,species,confirmed,1,yes,exotic,Tracheophyta
Mentha aquatica,Mentha aquatica,77990,species,new,1,yes,exotic,Tracheophyta
Mentha canadensis,Mentha canadensis,77991,species,confirmed,0.984375,yes,native,Tracheophyta
Mentha gracilis,Mentha × gracilis,,,unconfirmed,0.741007194244604,yes,exotic,Tracheophyta
Mentha piperita,Mentha × piperita,181525,hybrid,new,0.971223021582734,no,native,Tracheophyta
Mentha pulegium,Mentha pulegium,57116,species,new,0.875,no,exotic,Tracheophyta
Mentha rotundifolia,Mentha × rotundifolia,,,unconfirmed,0.76978417266187,yes,exotic,Tracheophyta
Mentha spicata,Mentha spicata,62652,species,confirmed,1,yes,exotic,Tracheophyta
Mentha suaveolens,Mentha suaveolens,77993,species,new,1,yes,exotic,Tracheophyta
Menyanthes trifoliata,Menyanthes trifoliata,78016,species,new,0.8,no,native,Tracheophyta
Micranthes ferruginea,Micranthes ferruginea,78024,species,new,1,no,native,Tracheophyta
Micranthes integrifolia,Micranthes integrifolia,78027,species,confirmed,,yes,native,Tracheophyta
Micranthes occidentalis,Micranthes occidentalis,357953,species,new,0.96,yes,native,Tracheophyta
Micranthes rufidula,Micranthes rufidula,357949,species,confirmed,1,yes,native,Tracheophyta
Microseris bigelovii,Microseris bigelovii,60977,species,confirmed,1,yes,native,Tracheophyta
Microsteris gracilis,Microsteris gracilis gracilis; Microsteris gracilis,61212; 61210,species,confirmed,1,yes,native,Tracheophyta
Moehringia macrophylla,Moehringia macrophylla,61884,species,confirmed,1,yes,native,Tracheophyta
Moenchia erecta ssp. erecta,Moenchia erecta,78088,species,confirmed,1,yes,exotic,Tracheophyta
Monotropa hypopitys,Monotropa hypopitys,59986,species,confirmed,0.941176470588235,yes,native,Tracheophyta
Monotropa uniflora,Monotropa uniflora,49477,species,confirmed,1,yes,native,Tracheophyta
Montia dichotoma,Montia dichotoma,78119,species,confirmed,1,yes,native,Tracheophyta
Montia fontana,Montia fontana,58990,species,confirmed,1,yes,native,Tracheophyta
Montia howellii,Montia howellii,78121,species,confirmed,1,yes,native,Tracheophyta
Montia linearis,Montia linearis,78122,species,confirmed,1,yes,native,Tracheophyta
Montia parvifolia var. flagellaris,Montia parvifolia,78123,species,confirmed,1,yes,native,Tracheophyta
Muscari neglectum,Muscari neglectum,68846,species,confirmed,1,yes,exotic,Tracheophyta
Mycelis muralis,Mycelis muralis,48543,species,confirmed,1,yes,exotic,Tracheophyta
Myosotis arvensis,Myosotis arvensis,51726,species,confirmed,1,yes,exotic,Tracheophyta
Myosotis discolor,Myosotis discolor,70265,species,confirmed,1,yes,exotic,Tracheophyta
Myosotis laxa,Myosotis laxa,78150,species,confirmed,,yes,native,Tracheophyta
Myosotis scorpioides,Myosotis scorpioides,49130,species,confirmed,1,yes,exotic,Tracheophyta
Myosotis stricta,Myosotis stricta,127196,species,confirmed,0.991452991452991,yes,exotic,Tracheophyta
Myosotis sylvatica,Myosotis sylvatica,55826,species,confirmed,1,yes,exotic,Tracheophyta
Myosurus minimus,Myosurus minimus,58306,species,confirmed,1,yes,native,Tracheophyta
Myrica gale,Myrica gale,82203,species,new,1,no,native,Tracheophyta
Myriophyllum aquaticum,Myriophyllum aquaticum,60202,species,new,1,no,exotic,Tracheophyta
Myriophyllum sibiricum,Myriophyllum sibiricum,61034,species,new,0.166666666666667,no,native,Tracheophyta
Myriophyllum spicatum,Myriophyllum spicatum,78157,species,new,0.8,no,exotic,Tracheophyta
Myriophyllum verticillatum,Myriophyllum verticillatum,78158,species,unconfirmed,0.648148148148148,yes,native,Tracheophyta
Myriopteris gracillima,Myriopteris gracillima,472796,species,confirmed,1,yes,native,Tracheophyta
Myrrhis odorata,Myrrhis odorata,51618,species,new,0.6,no,exotic,Tracheophyta
Najas flexilis,Najas flexilis,78160,species,unconfirmed,0.129032258064516,yes,native,Tracheophyta
Nanozostera japonica,Zostera japonica,79558,species,new,1,no,exotic,Tracheophyta
Narcissus poeticus,Narcissus poeticus,61334,species,new,1,yes,exotic,Tracheophyta
Narcissus pseudonarcissus,Narcissus pseudonarcissus,55848,species,new,1,yes,exotic,Tracheophyta
Nasturtium microphyllum,Nasturtium microphyllum,204362,species,unconfirmed,0.576923076923077,yes,exotic,Tracheophyta
Nasturtium officinale,Nasturtium officinale,78174,species,confirmed,1,yes,exotic,Tracheophyta
Navarretia intertexta,Navarretia intertexta intertexta; Navarretia intertexta,80049; 60225,variety,confirmed,0.984375,yes,native,Tracheophyta
Navarretia squarrosa,Navarretia squarrosa,53157,species,confirmed,0.99236641221374,yes,native,Tracheophyta
Nemophila parviflora var. parviflora,Nemophila parviflora parviflora; Nemophila parviflora,58921; 57353,variety,confirmed,,yes,native,Tracheophyta
Nemophila pedunculata,Nemophila pedunculata,55461,species,confirmed,1,yes,native,Tracheophyta
Neottia cordata,Neottia cordata,204364,species,confirmed,1,yes,native,Tracheophyta
Nepeta cataria,Nepeta cataria,48622,species,new,1,no,exotic,Tracheophyta
Neslia paniculata,Neslia paniculata,129855,species,unconfirmed,0.169642857142857,yes,exotic,Tracheophyta
Nothochelone nemorosa,Nothochelone nemorosa,78231,species,new,,yes,native,Tracheophyta
Nuphar polysepala,Nuphar polysepala,78234,species,confirmed,1,yes,native,Tracheophyta
Nuttallanthus texanus,Nuttallanthus texanus,,,unconfirmed,0.79136690647482,yes,native,Tracheophyta
Nymphaea alba,Nymphaea alba,62009,species,new,0.857142857142857,no,exotic,Tracheophyta
Nymphaea odorata ssp. odorata,Nymphaea odorata,51119,species,confirmed,0.972222222222222,yes,exotic,Tracheophyta
Oemleria cerasiformis,Oemleria cerasiformis,53419,species,confirmed,1,yes,native,Tracheophyta
Oenanthe sarmentosa,Oenanthe sarmentosa,60127,species,confirmed,1,yes,native,Tracheophyta
Oenothera biennis,Oenothera biennis,62207,species,new,1,yes,exotic,Tracheophyta
Oenothera glazioviana,Oenothera glazioviana,62208,species,confirmed,0.985074626865672,yes,exotic,Tracheophyta
Olsynium douglasii var. douglasii,Olsynium douglasii; Olsynium douglasii douglasii,78257; 81155,variety,confirmed,,yes,native,Tracheophyta
Onopordum acanthium ssp. acanthium,Onopordum acanthium,78259,species,new,1,yes,exotic,Tracheophyta
Oplopanax horridus,Oplopanax horridus,83914,species,new,1,no,native,Tracheophyta
Opuntia fragilis,Opuntia fragilis,62474,species,confirmed,1,yes,native,Tracheophyta
Opuntia polyacantha,Opuntia polyacantha,,,,,no,native,Tracheophyta
Origanum vulgare,Origanum vulgare,61396,species,new,1,yes,exotic,Tracheophyta
Ornithogalum umbellatum,Ornithogalum umbellatum,56137,species,confirmed,1,yes,exotic,Tracheophyta
Orthilia secunda,Orthilia secunda,78288,species,new,0.985611510791367,no,native,Tracheophyta
Orthocarpus bracteosus,Orthocarpus bracteosus,78289,species,confirmed,1,yes,native,Tracheophyta
Osmorhiza berteroi,Osmorhiza berteroi,53166,species,confirmed,1,yes,native,Tracheophyta
Osmorhiza purpurea,Osmorhiza purpurea,78296,species,unconfirmed,0.306666666666667,yes,native,Tracheophyta
Oxalis corniculata,Oxalis corniculata,53168,species,new,1,yes,exotic,Tracheophyta
Oxalis dillenii,Oxalis dillenii,84772,species,confirmed,0.96875,yes,exotic,Tracheophyta
Oxalis oregana,Oxalis oregana,47757,species,new,1,yes,native,Tracheophyta
Oxalis stricta,Oxalis stricta,53183,species,new,1,no,exotic,Tracheophyta
Oxybasis chenopodioides,Oxybasis chenopodioides,896905,species,unconfirmed,0.755395683453237,yes,native,Tracheophyta
Oxybasis macrosperma,Chenopodium macrospermum halophilum,118453,subspecies,unconfirmed,0.0427350427350427,yes,exotic,Tracheophyta
Oxybasis rubra var. humilis,Oxybasis rubra; Oxybasis rubra humilis,931679; 931680,variety,confirmed,0.982905982905983,yes,native,Tracheophyta
Oxytropis campestris,Oxytropis campestris spicata; Oxytropis campestris,241915; 154238,species,confirmed,0.977272727272727,yes,native,Tracheophyta
Packera macounii,Packera macounii,78325,species,confirmed,0.96969696969697,yes,native,Tracheophyta
Panicum capillare,Panicum capillare,78337,species,confirmed,0.979591836734694,yes,native,Tracheophyta
Panicum miliaceum,Panicum miliaceum,78340,species,confirmed,0.971428571428572,yes,exotic,Tracheophyta
Panicum miliaceum ssp. ruderale,Panicum miliaceum ruderale,,,unconfirmed,0.748201438848921,yes,exotic,Tracheophyta
Papaver argemone,Roemeria argemone,1453825,species,confirmed,0.964285714285714,yes,exotic,Tracheophyta
Papaver cambricum,Papaver cambricum,807416,species,new,1,no,exotic,Tracheophyta
Papaver dubium,Papaver dubium,55918,species,confirmed,1,yes,exotic,Tracheophyta
Papaver orientale,Papaver orientale,166114,species,new,0.8,no,exotic,Tracheophyta
Papaver somniferum,Papaver somniferum,78346,species,new,,yes,exotic,Tracheophyta
Parthenocissus tricuspidata,Parthenocissus tricuspidata,166162,species,new,1,no,exotic,Tracheophyta
Paxistima myrsinites,Paxistima myrsinites,63893,species,confirmed,1,yes,native,Tracheophyta
Pectiantia ovalis,Brewerimitella ovalis,1424143,species,confirmed,1,yes,native,Tracheophyta
Pectiantia pentandra,Pectiantia pentandra,,,,,no,native,Tracheophyta
Pentaglottis sempervirens,Pentaglottis sempervirens,166466,species,new,1,no,exotic,Tracheophyta
Pentagramma triangularis ssp. triangularis,Pentagramma triangularis triangularis; Pentagramma triangularis,58767; 52676,subspecies,confirmed,,yes,native,Tracheophyta
Perideridia montana,Perideridia gairdneri borealis; Perideridia gairdneri,80105; 78434,species,confirmed,1,yes,native,Tracheophyta
Persicaria amphibia,Persicaria amphibia; Persicaria amphibia stipulacea,78450; 553504,species,confirmed,1,yes,native,Tracheophyta
Persicaria hydropiper,Persicaria hydropiper,78452,species,unconfirmed,0.798561151079137,yes,exotic,Tracheophyta
Persicaria hydropiperoides,Persicaria hydropiperoides,78453,species,confirmed,0.981818181818182,yes,native,Tracheophyta
Persicaria lapathifolia,Persicaria lapathifolia,63886,species,confirmed,0.98019801980198,yes,native,Tracheophyta
Persicaria maculosa,Persicaria maculosa,56166,species,confirmed,0.991379310344828,yes,exotic,Tracheophyta
Petasites frigidus var. palmatus,Petasites frigidus; Petasites frigidus palmatus,55780; 55778,variety,confirmed,1,yes,native,Tracheophyta
Petasites hybridus,Petasites hybridus,55850,species,new,0.833333333333333,no,exotic,Tracheophyta
Petasites japonicus,Petasites japonicus,129038,species,new,1,no,exotic,Tracheophyta
Phacelia linearis,Phacelia linearis,,,unconfirmed,0.194244604316547,no,native,Tracheophyta
Phalaris aquatica,Phalaris aquatica,,,unconfirmed,0.381294964028777,yes,exotic,Tracheophyta
Phalaris arundinacea,Phalaris arundinacea,63337,species,confirmed,1,yes,native,Tracheophyta
Phalaris canariensis,Phalaris canariensis,57191,species,confirmed,0.967741935483871,yes,exotic,Tracheophyta
Phedimus spurius,Phedimus spurius,204380,species,new,1,no,exotic,Tracheophyta
Philadelphus lewisii,Philadelphus lewisii,62223,species,confirmed,1,yes,native,Tracheophyta
Phleum pratense ssp. pratense,Phleum pratense,57190,species,confirmed,1,yes,exotic,Tracheophyta
Phragmites australis,Phragmites australis,64237,species,confirmed,1,yes,native,Tracheophyta
Phragmites australis ssp. americanus,Phragmites australis americanus,205873,subspecies,confirmed,0.963963963963964,yes,native,Tracheophyta
Phragmites australis ssp. australis,Phragmites australis australis,556361,subspecies,unconfirmed,0.717948717948718,yes,exotic,Tracheophyta
Phyllospadix scouleri,Phyllospadix scouleri,78561,species,confirmed,1,yes,native,Tracheophyta
Phyllospadix serrulatus,Phyllospadix serrulatus,166761,species,unconfirmed,0.431034482758621,yes,native,Tracheophyta
Phyllospadix torreyi,Phyllospadix torreyi,78562,species,new,1,no,native,Tracheophyta
Physocarpus capitatus,Physocarpus capitatus,57249,species,confirmed,1,yes,native,Tracheophyta
Picea sitchensis,Picea sitchensis,68131,species,confirmed,1,yes,native,Tracheophyta
Pinus contorta,Pinus contorta,48934,species,confirmed,1,yes,native,Tracheophyta
Pinus contorta var. contorta,Pinus contorta contorta,80130,variety,confirmed,1,yes,native,Tracheophyta
Pinus monticola,Pinus monticola,68084,species,new,1,no,native,Tracheophyta
Pisum sativum,Pisum sativum,54522,species,new,0.428571428571428,yes,exotic,Tracheophyta
Plagiobothrys figuratus var. figuratus,Plagiobothrys figuratus,166947,species,new,0.5,no,native,Tracheophyta
Plagiobothrys scouleri,Plagiobothrys scouleri,166953,species,confirmed,,yes,native,Tracheophyta
Plagiobothrys tenellus,Plagiobothrys tenellus,58066,species,confirmed,,yes,native,Tracheophyta
Plantago bigelovii,Plantago bigelovii,166998,species,confirmed,-13.5072463768116,yes,native,Tracheophyta
Plantago coronopus,Plantago coronopus,58960,species,new,1,no,exotic,Tracheophyta
Plantago elongata,Plantago elongata,58229,species,confirmed,1,yes,native,Tracheophyta
Plantago lanceolata,Plantago lanceolata,53178,species,confirmed,1,yes,exotic,Tracheophyta
Plantago major,Plantago major,58961,species,confirmed,1,yes,native,Tracheophyta
Plantago maritima,Plantago maritima,68543,species,confirmed,1,yes,native,Tracheophyta
Platanthera dilatata,Platanthera dilatata,78623,species,unconfirmed,0.18705035971223,yes,native,Tracheophyta
Platanthera elegans ssp. elegans,Platanthera elegans elegans; Platanthera elegans,840643; 840641,subspecies,confirmed,,yes,native,Tracheophyta
Platanthera elongata,Platanthera elongata,551466,species,confirmed,0.972222222222222,yes,native,Tracheophyta
Platanthera ephemerantha,Platanthera ephemerantha,473217,species,new,1,no,native,Tracheophyta
Platanthera huronensis,Platanthera huronensis,,,,,no,native,Tracheophyta
Platanthera orbiculata,Platanthera orbiculata,,,unconfirmed,0.309352517985612,yes,native,Tracheophyta
Platanthera stricta,Platanthera stricta,50739,species,unconfirmed,0.94715852442672,yes,native,Tracheophyta
Platanthera transversa,Platanthera transversa,355392,species,confirmed,0.982142857142857,yes,native,Tracheophyta
Platanthera unalascensis,Platanthera unalascensis,840638,species,confirmed,,yes,native,Tracheophyta
Plectritis brachystemon,Plectritis congesta brachystemon,57787,subspecies,new,0.9,no,native,Tracheophyta
Plectritis congesta,Plectritis congesta,57786,species,confirmed,1,yes,native,Tracheophyta
Plectritis macrocera,Plectritis macrocera,57287,species,confirmed,1,yes,native,Tracheophyta
Pleuropogon refractus,Pleuropogon refractus,78629,species,new,0.857142857142857,yes,native,Tracheophyta
Poa annua,Poa annua,52808,species,confirmed,1,yes,exotic,Tracheophyta
Poa bulbosa ssp. vivipara,Poa bulbosa,58382,species,confirmed,-18.2692307692308,yes,exotic,Tracheophyta
Poa compressa,Poa compressa,78636,species,confirmed,0.984848484848485,yes,exotic,Tracheophyta
Poa confinis,Poa confinis,78637,species,confirmed,0.993333333333333,yes,native,Tracheophyta
Poa howellii,Poa howellii,52812,species,unconfirmed,0.702898550724638,yes,native,Tracheophyta
Poa infirma,Poa infirma,78642,species,confirmed,1,yes,exotic,Tracheophyta
Poa macrantha,Poa macrantha,78647,species,unconfirmed,0.265486725663717,yes,native,Tracheophyta
Poa nemoralis,Poa nemoralis,78649,species,confirmed,0.957264957264957,yes,exotic,Tracheophyta
Poa palustris,Poa palustris,78650,species,unconfirmed,0.549618320610687,yes,native,Tracheophyta
Poa pratensis,Poa pratensis,60307,species,confirmed,1,yes,native,Tracheophyta
Poa secunda ssp. scabrella,Poa secunda scabrella,1582196,species,unconfirmed,0.102040816326531,yes,native,Tracheophyta
Poa secunda ssp. secunda,Poa secunda; Poa secunda secunda,57198; 58383,subspecies,confirmed,1,yes,native,Tracheophyta
Poa trivialis,Poa trivialis,78657,species,confirmed,0.991935483870968,yes,exotic,Tracheophyta
Podagrostis thurberiana,Agrostis aequivalvis,,,,,no,native,Tracheophyta
Polycarpon tetraphyllum ssp. tetraphyllum,Polycarpon tetraphyllum,58876,species,confirmed,0.948275862068966,yes,exotic,Tracheophyta
Polygonum achoreum,Polygonum achoreum,167223,species,unconfirmed,0.527777777777778,yes,native,Tracheophyta
Polygonum arenastrum,Polygonum arenastrum,53179,species,confirmed,0.98936170212766,yes,exotic,Tracheophyta
Polygonum aviculare,Polygonum aviculare,78678,species,confirmed,0.98936170212766,yes,exotic,Tracheophyta
Polygonum douglasii,Polygonum douglasii douglasii; Polygonum douglasii,238102; 78682,species,confirmed,0.977777777777778,yes,native,Tracheophyta
Polygonum fowleri ssp. fowleri,Polygonum fowleri,,,unconfirmed,0.194244604316547,yes,native,Tracheophyta
Polygonum paronychia,Polygonum paronychia,60734,species,confirmed,,yes,native,Tracheophyta
Polygonum spergulariiforme,Polygonum spergulariiforme,78692,species,confirmed,1,yes,native,Tracheophyta
Polypodium glycyrrhiza,Polypodium glycyrrhiza,55104,species,confirmed,1,yes,native,Tracheophyta
Polypodium hesperium,Polypodium hesperium,78693,species,unconfirmed,0.440677966101695,yes,native,Tracheophyta
Polypogon interruptus,Polypogon interruptus,59099,species,unconfirmed,0.201438848920863,yes,exotic,Tracheophyta
Polypogon monspeliensis,Polypogon monspeliensis,57197,species,confirmed,0.983050847457627,yes,exotic,Tracheophyta
Polystichum andersonii,Polystichum andersonii,143678,species,unconfirmed,0.946268656716418,yes,native,Tracheophyta
Polystichum imbricans ssp. imbricans,Polystichum imbricans; Polystichum imbricans imbricans,58763; 80164,subspecies,confirmed,1,yes,native,Tracheophyta
Polystichum munitum,Polystichum munitum,47751,species,confirmed,,yes,native,Tracheophyta
Populus balsamifera,Populus balsamifera,54838,species,new,0.875,no,native,Tracheophyta
Populus nigra,Populus nigra,47565,species,new,1,no,exotic,Tracheophyta
Populus tremuloides,Populus tremuloides,54840,species,confirmed,1,yes,native,Tracheophyta
Populus trichocarpa,Populus trichocarpa,78699,species,new,1,no,native,Tracheophyta
Portulaca oleracea,Portulaca oleracea,58991,species,new,0.944444444444444,yes,exotic,Tracheophyta
Potamogeton amplifolius,Potamogeton amplifolius,78705,species,confirmed,1,yes,native,Tracheophyta
Potamogeton berchtoldii,Potamogeton berchtoldii,78706,variety,unconfirmed,0.676258992805755,yes,native,Tracheophyta
Potamogeton crispus,Potamogeton crispus,78707,species,new,0.333333333333333,no,exotic,Tracheophyta
Potamogeton foliosus,Potamogeton foliosus,,,unconfirmed,0.762589928057554,yes,native,Tracheophyta
Potamogeton friesii,Potamogeton friesii,167322,species,unconfirmed,0.111111111111111,yes,native,Tracheophyta
Potamogeton gramineus,Potamogeton gramineus,78710,species,unconfirmed,0.0925925925925926,yes,native,Tracheophyta
Potamogeton natans,Potamogeton natans,78712,species,confirmed,0.980392156862745,yes,native,Tracheophyta
Potamogeton obtusifolius,Potamogeton obtusifolius,167326,species,unconfirmed,0.669064748201439,yes,native,Tracheophyta
Potamogeton praelongus,Potamogeton praelongus,78713,species,confirmed,0.888888888888889,yes,native,Tracheophyta
Potamogeton pusillus,Potamogeton pusillus,,,unconfirmed,0.733812949640288,yes,native,Tracheophyta
Potamogeton richardsonii,Potamogeton richardsonii,78715,species,new,1,no,native,Tracheophyta
Potamogeton robbinsii,Potamogeton robbinsii,78716,species,new,0.666666666666667,no,native,Tracheophyta
Potamogeton zosteriformis,Potamogeton zosteriformis,,,unconfirmed,0.733812949640288,yes,native,Tracheophyta
Potentilla anserina,Argentina anserina,158615,species,new,1,no,native,Tracheophyta
Potentilla anserina ssp. egedii,Argentina anserina groenlandica,956480,subspecies,confirmed,0.887096774193548,yes,unknown,Tracheophyta
Potentilla anserina ssp. pacifica,Argentina pacifica,524900,species,new,1,no,native,Tracheophyta
Potentilla gracilis,Potentilla gracilis,78728,species,confirmed,1,no,native,Tracheophyta
Potentilla gracilis var. gracilis,Potentilla gracilis gracilis,81286,variety,confirmed,1,yes,native,Tracheophyta
Potentilla norvegica,Potentilla norvegica,55732,species,confirmed,1,yes,native,Tracheophyta
Potentilla recta,Potentilla recta,62211,species,new,1,no,exotic,Tracheophyta
Potentilla rivalis,Potentilla rivalis,,,,,unknown,native,Tracheophyta
Poteridium annuum,Sanguisorba annua; Sanguisorba occidentalis,168411,species,unconfirmed,0.0943396226415094,yes,native,Tracheophyta
Poterium sanguisorba var. polygamum,Sanguisorba minor,55736,species,confirmed,1,yes,exotic,Tracheophyta
Primula pauciflora,Primula pauciflora macrocarpa; Primula pauciflora pauciflora; Primula pauciflora,550711; 498086,species,confirmed,1,yes,native,Tracheophyta
Prosartes hookeri,Prosartes hookeri,51071,species,confirmed,1,yes,native,Tracheophyta
Prosartes smithii,Prosartes smithii,57506,species,new,1,no,native,Tracheophyta
Prunella vulgaris,Prunella vulgaris,52764,species,confirmed,1,yes,native,Tracheophyta
Prunella vulgaris var. lanceolata,Prunella vulgaris lanceolata,60213,subspecies,new,0.9375,no,native,Tracheophyta
Prunella vulgaris var. vulgaris,Prunella vulgaris vulgaris,81287,subspecies,new,0.833333333333333,yes,exotic,Tracheophyta
Prunus avium,Prunus avium,61964,species,confirmed,1,yes,exotic,Tracheophyta
Prunus cerasifera,Prunus cerasifera,55837,species,new,1,yes,exotic,Tracheophyta
Prunus emarginata,Prunus emarginata,63905,species,confirmed,1,yes,native,Tracheophyta
Prunus hortulana,Prunus hortulana,167464,species,unconfirmed,0.798561151079137,yes,unknown,Tracheophyta
Prunus laurocerasus,Prunus laurocerasus,61432,species,new,1,yes,exotic,Tracheophyta
Prunus mahaleb,Prunus mahaleb,126808,species,new,0.666666666666667,no,exotic,Tracheophyta
Prunus pugetensis,Prunus × pugetensis,,,new,0.83453237410072,yes,unknown,Tracheophyta
Prunus serotina var. serotina,Prunus serotina,54834,species,new,0.91304347826087,no,exotic,Tracheophyta
Prunus spinosa,Prunus spinosa,55811,species,confirmed,0.84375,yes,exotic,Tracheophyta
Prunus virginiana,Prunus virginiana,54835,species,confirmed,,yes,native,Tracheophyta
Pseudognaphalium luteoalbum,Helichrysum luteoalbum; Pseudognaphalium luteoalbum,53083,species,new,1,yes,exotic,Tracheophyta
Pseudognaphalium stramineum,Pseudognaphalium stramineum,53089,species,new,1,yes,exotic,Tracheophyta
Pseudognaphalium thermale,Pseudognaphalium thermale,78765,species,new,1,no,native,Tracheophyta
Pseudosasa japonica,Pseudosasa japonica,167508,species,new,0.985611510791367,no,exotic,Tracheophyta
Pseudotsuga menziesii var. menziesii,Pseudotsuga menziesii menziesii; Pseudotsuga menziesii,63910; 48256,variety,confirmed,1,yes,native,Tracheophyta
Psilocarphus elatior,Psilocarphus elatior,78770,species,confirmed,,yes,native,Tracheophyta
Psilocarphus tenellus,Psilocarphus tenellus,53188,species,confirmed,,yes,native,Tracheophyta
Pteridium aquilinum,Pteridium aquilinum,52681,species,confirmed,1,yes,native,Tracheophyta
Pteridium aquilinum var. pubescens,Pteridium aquilinum pubescens,52684,variety,confirmed,1,yes,native,Tracheophyta
Pterospora andromedea,Pterospora andromedea,52118,species,confirmed,0.953488372093023,yes,native,Tracheophyta
Pterostegia drymarioides,Pterostegia drymarioides,,,,,no,unknown,Tracheophyta
Puccinellia distans,Puccinellia distans,78780,species,new,1,no,exotic,Tracheophyta
Puccinellia lemmonii,Puccinellia lemmonii,78782,species,unconfirmed,0.644927536231884,yes,unknown,Tracheophyta
Puccinellia nutkaensis,Puccinellia nutkaensis,78783,species,confirmed,0.991150442477876,yes,native,Tracheophyta
Puccinellia nuttalliana,Puccinellia nuttalliana,60309,species,confirmed,0.992125984251969,yes,native,Tracheophyta
Puccinellia pumila,Puccinellia pumila,78785,species,unconfirmed,0.511627906976744,yes,native,Tracheophyta
Pyracantha coccinea,Pyracantha coccinea,57254,species,confirmed,1,yes,exotic,Tracheophyta
Pyrola aphylla,Pyrola aphylla,630966,species,new,0.833333333333333,no,native,Tracheophyta
Pyrola asarifolia,Pyrola asarifolia,78793,species,new,0.928571428571429,no,native,Tracheophyta
Pyrola dentata,Pyrola dentata,,,unconfirmed,0.589928057553957,yes,native,Tracheophyta
Pyrola picta ssp. dentata,Pyrola picta,62239,species,new,0.666666666666667,no,native,Tracheophyta
Quercus cerris,Quercus cerris,135408,species,unconfirmed,0.431654676258993,yes,exotic,Tracheophyta
Quercus garryana var. garryana,Quercus garryana; Quercus garryana garryana,68632; 63890,variety,confirmed,,yes,native,Tracheophyta
Ranunculus acris,Ranunculus acris,56064,species,confirmed,1,yes,exotic,Tracheophyta
Ranunculus alismifolius var. alismifolius,Ranunculus alismifolius alismifolius; Ranunculus alismifolius,81317; 78815,variety,confirmed,,yes,native,Tracheophyta
Ranunculus aquatilis,Ranunculus aquatilis,78817,species,confirmed,0.918367346938776,yes,native,Tracheophyta
Ranunculus aquatilis var. diffusus,Ranunculus trichophyllus,486980,species,unconfirmed,0.712230215827338,yes,native,Tracheophyta
Ranunculus bulbosus,Ranunculus bulbosus,78820,species,confirmed,1,yes,exotic,Tracheophyta
Ranunculus californicus,Ranunculus californicus,52173,species,confirmed,1,yes,native,Tracheophyta
Ranunculus flammula,Ranunculus flammula,67826,species,confirmed,0.971428571428572,yes,native,Tracheophyta
Ranunculus flammula var. reptans,Ranunculus reptans,517683,subspecies,unconfirmed,0.484375,yes,unknown,Tracheophyta
Ranunculus gmelinii,Ranunculus gmelinii,167724,species,unconfirmed,0.755395683453237,yes,native,Tracheophyta
Ranunculus lobbii,Ranunculus lobbii,,,unconfirmed,0.0287769784172662,yes,native,Tracheophyta
Ranunculus macounii,Ranunculus macounii,,,unconfirmed,0.107913669064748,yes,native,Tracheophyta
Ranunculus occidentalis var. occidentalis,Ranunculus occidentalis; Ranunculus occidentalis occidentalis,68057; 81335,variety,confirmed,,yes,native,Tracheophyta
Ranunculus orthorhynchus var. orthorhynchus,Ranunculus orthorhynchus,67827,species,confirmed,1,yes,native,Tracheophyta
Ranunculus parviflorus,Ranunculus parviflorus,78829,species,confirmed,1,yes,exotic,Tracheophyta
Ranunculus repens,Ranunculus repens,48229,species,confirmed,1,yes,exotic,Tracheophyta
Ranunculus sardous,Ranunculus sardous,78832,species,new,0.5,no,exotic,Tracheophyta
Ranunculus sceleratus,Ranunculus sceleratus,59301,species,confirmed,0.96969696969697,yes,native,Tracheophyta
Ranunculus uncinatus,Ranunculus uncinatus parviflorus; Ranunculus uncinatus,63896; 63898,species,confirmed,,yes,native,Tracheophyta
Raphanus raphanistrum,Raphanus raphanistrum,55411,species,confirmed,-18.1826923076923,yes,exotic,Tracheophyta
Raphanus sativus,Raphanus raphanistrum sativus,995125,species,confirmed,0.984375,yes,exotic,Tracheophyta
Rhinanthus minor ssp. groenlandicus,Rhinanthus groenlandicus,1047010,species,new,0.985611510791367,no,native,Tracheophyta
Rhinanthus minor ssp. minor,Rhinanthus minor,61470,species,confirmed,1,yes,native,Tracheophyta
Rhododendron groenlandicum,Rhododendron groenlandicum,180413,species,new,1,no,native,Tracheophyta
Rhynchospora alba,Rhynchospora alba,,,unconfirmed,0.568345323741007,unknown,native,Tracheophyta
Ribes bracteosum,Ribes bracteosum,78852,species,confirmed,1,yes,native,Tracheophyta
Ribes divaricatum var. divaricatum,Ribes divaricatum; Ribes divaricatum divaricatum,53448; 53449,variety,confirmed,1,yes,native,Tracheophyta
Ribes lacustre,Ribes lacustre,78858,species,confirmed,1,yes,native,Tracheophyta
Ribes lobbii,Ribes lobbii,78861,species,confirmed,1,yes,native,Tracheophyta
Ribes sanguineum var. sanguineum,Ribes sanguineum,53435,species,confirmed,1,yes,native,Tracheophyta
Robinia hispida var. hispida,Robinia hispida,129107,species,new,0.5,no,exotic,Tracheophyta
Robinia pseudoacacia,Robinia pseudoacacia,56088,species,confirmed,1,yes,exotic,Tracheophyta
Romanzoffia sitchensis,Romanzoffia sitchensis,78872,species,new,0.666666666666667,no,native,Tracheophyta
Romanzoffia tracyi,Romanzoffia tracyi,78873,species,confirmed,1,yes,native,Tracheophyta
Rorippa amphibia,Rorippa amphibia,167957,species,new,0.75,no,exotic,Tracheophyta
Rorippa curvipes,Rorippa curvipes,78876,species,unconfirmed,0.0841121495327103,yes,native,Tracheophyta
Rorippa curvisiliqua,Rorippa curvisiliqua,58866,species,confirmed,0.992424242424243,yes,native,Tracheophyta
Rorippa palustris ssp. palustris,Rorippa palustris,64162,species,confirmed,1,yes,native,Tracheophyta
Rorippa sylvestris,Rorippa sylvestris,167973,species,confirmed,0.990909090909091,yes,exotic,Tracheophyta
Rosa acicularis ssp. sayi,Rosa acicularis,132527,species,new,1,no,native,Tracheophyta
Rosa canina,Rosa canina,55884,species,new,1,no,exotic,Tracheophyta
Rosa gymnocarpa var. gymnocarpa,Rosa gymnocarpa,53441,species,confirmed,1,yes,native,Tracheophyta
Rosa multiflora,Rosa multiflora,78882,species,confirmed,1,yes,exotic,Tracheophyta
Rosa nutkana,Rosa nutkana nutkana; Rosa nutkana,80173; 78883,species,confirmed,1,yes,native,Tracheophyta
Rosa pisocarpa ssp. pisocarpa,Rosa pisocarpa,78885,species,confirmed,1,yes,native,Tracheophyta
Rosa rubiginosa var. rubiginosa,Rosa rubiginosa,78886,species,confirmed,1,yes,exotic,Tracheophyta
Rosa rugosa,Rosa rugosa,83653,species,new,1,no,exotic,Tracheophyta
Rosa woodsii,Rosa woodsii,78887,species,new,0.833333333333333,no,native,Tracheophyta
Rubus armeniacus,Rubus armeniacus,61317,species,confirmed,1,yes,exotic,Tracheophyta
Rubus bifrons,Rubus bifrons,168025,species,confirmed,1,yes,exotic,Tracheophyta
Rubus laciniatus,Rubus laciniatus,78891,species,confirmed,1,yes,exotic,Tracheophyta
Rubus leucodermis var. leucodermis,Rubus leucodermis,63960,species,confirmed,1,yes,native,Tracheophyta
Rubus nivalis,Rubus nivalis,,,unconfirmed,0.251798561151079,yes,native,Tracheophyta
Rubus parviflorus,Rubus parviflorus,51646,species,confirmed,1,yes,native,Tracheophyta
Rubus spectabilis,Rubus spectabilis,47543,species,confirmed,1,yes,native,Tracheophyta
Rubus ursinus,Rubus ursinus macropetalus; Rubus ursinus,53444; 53445,species,confirmed,1,yes,native,Tracheophyta
Rumex acetosa ssp. acetosa,Rumex acetosa,55821,species,new,1,yes,exotic,Tracheophyta
Rumex acetosella,Rumex acetosella,53195,species,confirmed,1,yes,exotic,Tracheophyta
Rumex conglomeratus,Rumex conglomeratus,57215,species,confirmed,1,yes,exotic,Tracheophyta
Rumex crispus,Rumex crispus,53197,species,confirmed,1,yes,exotic,Tracheophyta
Rumex maritimus,Rumex maritimus,,,unconfirmed,0.37410071942446,yes,unknown,Tracheophyta
Rumex maritimus ssp. fueginus,Rumex fueginus,78903,species,confirmed,0.972602739726027,yes,native,Tracheophyta
Rumex obtusifolius,Rumex obtusifolius,63371,species,new,1,no,exotic,Tracheophyta
Rumex occidentalis,Rumex occidentalis,61086,species,confirmed,1,yes,native,Tracheophyta
Rumex salicifolius,Rumex salicifolius; Rumex transitorius,60233; 78910,species,confirmed,1,yes,native,Tracheophyta
Rumex sanguineus,Rumex sanguineus,168250,species,confirmed,1,yes,exotic,Tracheophyta
Rupertia physodes,Rupertia physodes,53198,species,confirmed,0.990825688073394,yes,native,Tracheophyta
Ruppia maritima,Ruppia maritima,61090,species,confirmed,0.99950149551346,yes,native,Tracheophyta
Sabulina macra,Sabulina macra,836878,species,confirmed,1,yes,native,Tracheophyta
Sabulina pusilla,Sabulina pusilla,836888,species,unconfirmed,0.654676258992806,yes,native,Tracheophyta
Sabulina rubella,Sabulina rubella,836893,species,new,0.666666666666667,no,native,Tracheophyta
Sagina apetala,Sagina apetala,56998,species,confirmed,0.966666666666667,yes,exotic,Tracheophyta
Sagina decumbens ssp. occidentalis,Sagina decumbens occidentalis; Sagina decumbens,57000; 57004,subspecies,confirmed,1,yes,native,Tracheophyta
Sagina maxima,Sagina maxima,78922,species,new,1,yes,native,Tracheophyta
Sagina maxima ssp. crassicaulis,Sagina maxima crassicaulis,80178,subspecies,confirmed,0.941176470588235,yes,native,Tracheophyta
Sagina maxima ssp. maxima,Sagina maxima maxima,238339,subspecies,new,0.666666666666667,no,native,Tracheophyta
Sagina procumbens,Sagina procumbens,55667,species,confirmed,1,yes,native,Tracheophyta
Sagina saginoides,Sagina saginoides,78923,species,new,0.97841726618705,no,native,Tracheophyta
Sagittaria latifolia,Sagittaria latifolia,48070,variety,unconfirmed,0.690647482014388,yes,native,Tracheophyta
Salicornia depressa,Salicornia depressa,78930,species,confirmed,1,yes,native,Tracheophyta
Salicornia pacifica,Salicornia pacifica,78931,species,new,1,yes,native,Tracheophyta
Salix alba,Salix alba,54841,species,new,0.833333333333333,no,exotic,Tracheophyta
Salix boothii,Salix boothii,78934,species,unconfirmed,0.158273381294964,yes,native,Tracheophyta
Salix candida,Salix candida,168322,species,unconfirmed,0.611510791366906,yes,native,Tracheophyta
Salix fragilis,Salix × fragilis,495238,hybrid,new,0.971223021582734,no,unknown,Tracheophyta
Salix geyeriana,Salix geyeriana,78940,species,confirmed,0.803418803418803,yes,native,Tracheophyta
Salix hookeriana,Salix hookeriana,78941,species,confirmed,,yes,native,Tracheophyta
Salix lasiandra var. lasiandra,Salix lasiandra; Salix lasiandra lasiandra,78943; 81358,variety,confirmed,,yes,native,Tracheophyta
Salix lucida,Salix lucida,54846,species,confirmed,0.970588235294118,yes,unknown,Tracheophyta
Salix prolixa,Salix prolixa,78952,species,confirmed,0.846153846153846,yes,native,Tracheophyta
Salix pseudomonticola,Salix pseudomonticola,168352,species,unconfirmed,0.676258992805755,yes,native,Tracheophyta
Salix scouleriana,Salix scouleriana,71076,species,confirmed,1,yes,native,Tracheophyta
Salix sitchensis,Salix sitchensis,61100,species,confirmed,1,yes,native,Tracheophyta
Sambucus cerulea,Sambucus cerulea,143799,species,new,1,no,native,Tracheophyta
Sambucus racemosa var. arborescens,Sambucus racemosa; Sambucus racemosa arborescens,57824; 543175,variety,confirmed,1,yes,native,Tracheophyta
Sanicula arctopoides,Sanicula arctopoides,55466,species,confirmed,1,yes,native,Tracheophyta
Sanicula bipinnatifida,Sanicula bipinnatifida,56840,species,confirmed,1,yes,native,Tracheophyta
Sanicula crassicaulis var. crassicaulis,Sanicula crassicaulis; Sanicula crassicaulis crassicaulis,53201; 68470,variety,confirmed,1,yes,native,Tracheophyta
Sanicula crassicaulis var. tripartita,Sanicula crassicaulis tripartita,68471,variety,confirmed,1,yes,native,Tracheophyta
Sanicula europaea,Sanicula europaea,168412,species,confirmed,1,yes,exotic,Tracheophyta
Sanicula graveolens,Sanicula graveolens,78979,species,confirmed,1,yes,native,Tracheophyta
Saponaria officinalis,Saponaria officinalis,56154,species,confirmed,0.972972972972973,yes,exotic,Tracheophyta
Saxifraga cespitosa,Saxifraga cespitosa,78985,species,confirmed,,yes,native,Tracheophyta
Saxifraga mertensiana,Saxifraga mertensiana,,species,unconfirmed,0.107913669064748,yes,native,Tracheophyta
Saxifraga tridactylites,Saxifraga tridactylites,168479,species,confirmed,1,yes,exotic,Tracheophyta
Scandix pecten-veneris,Scandix pecten-veneris,56843,species,confirmed,1,yes,exotic,Tracheophyta
Sceptridium multifidum,Sceptridium multifidum,78990,species,confirmed,0.854700854700855,yes,native,Tracheophyta
Schedonorus arundinaceus,Lolium arundinaceum,164708,species,confirmed,1,yes,exotic,Tracheophyta
Schoenoplectus acutus,Schoenoplectus acutus,59205,species,confirmed,1,yes,native,Tracheophyta
Schoenoplectus subterminalis,Schoenoplectus subterminalis,78997,species,new,0.971223021582734,no,native,Tracheophyta
Schoenoplectus tabernaemontani,Schoenoplectus tabernaemontani,78998,species,confirmed,1,yes,native,Tracheophyta
Scilla sardensis,Scilla sardensis,371533,species,new,0.263157894736842,yes,exotic,Tracheophyta
Scirpus cyperinus,Scirpus cyperinus,79002,species,new,0.75,no,native,Tracheophyta
Scirpus microcarpus,Scirpus microcarpus,59068,species,confirmed,1,yes,native,Tracheophyta
Scleranthus annuus ssp. annuus,Scleranthus annuus annuus; Scleranthus annuus,80182; 61935,subspecies,confirmed,1,yes,exotic,Tracheophyta
Scutellaria galericulata,Scutellaria galericulata,79016,species,confirmed,1,yes,native,Tracheophyta
Secale cereale,Secale cereale,79021,species,new,0.870503597122302,yes,exotic,Tracheophyta
Securigera varia,Securigera varia,127186,species,new,1,no,exotic,Tracheophyta
Sedum acre,Sedum acre,55734,species,confirmed,1,yes,exotic,Tracheophyta
Sedum album,Sedum album,79025,species,confirmed,1,yes,exotic,Tracheophyta
Sedum divergens,Sedum divergens,61155,species,new,1,no,native,Tracheophyta
Sedum lanceolatum,Sedum lanceolatum; Sedum lanceolatum nesioticum,79026; 238479,species,confirmed,1,yes,native,Tracheophyta
Sedum oreganum,Sedum oreganum oreganum; Sedum oreganum,238481; 79030,species,confirmed,0.991525423728814,yes,native,Tracheophyta
Sedum rupestre,Petrosedum forsterianum; Petrosedum rupestre,710296; 734805,species,new,1,no,unknown,Tracheophyta
Sedum spathulifolium,Sedum spathulifolium; Sedum spathulifolium pruinosum,58886; 238487,species,confirmed,1,yes,native,Tracheophyta
Sedum stenopetalum,Sedum stenopetalum,79033,species,unconfirmed,0.416666666666667,yes,native,Tracheophyta
Selaginella wallacei,Selaginella wallacei,63875,species,confirmed,,yes,native,Tracheophyta
Senecio sylvaticus,Senecio sylvaticus,53210,species,new,1,yes,exotic,Tracheophyta
Senecio vulgaris,Senecio vulgaris,53211,species,confirmed,1,yes,exotic,Tracheophyta
Sericocarpus rigidus,Sericocarpus rigidus,168858,species,confirmed,1,yes,native,Tracheophyta
Setaria viridis,Setaria viridis,79070,species,new,1,no,exotic,Tracheophyta
Shepherdia canadensis,Shepherdia canadensis,79072,species,confirmed,,yes,native,Tracheophyta
Sherardia arvensis,Sherardia arvensis,47691,species,confirmed,1,yes,exotic,Tracheophyta
Sidalcea hendersonii,Sidalcea hendersonii,168942,species,confirmed,1,yes,native,Tracheophyta
Silene antirrhina,Silene antirrhina,58780,species,confirmed,0.98,yes,native,Tracheophyta
Silene dioica,Silene dioica,55759,species,new,0.5,no,exotic,Tracheophyta
Silene gallica,Silene gallica,53212,species,confirmed,1,yes,exotic,Tracheophyta
Silene latifolia ssp. alba,Silene latifolia,79109,species,confirmed,1,yes,exotic,Tracheophyta
Silene menziesii,Silene menziesii,79111,species,confirmed,1,yes,native,Tracheophyta
Silene noctiflora,Silene noctiflora,79112,species,unconfirmed,0.223021582733813,yes,exotic,Tracheophyta
Silene scouleri ssp. scouleri,Silene scouleri; Silene scouleri scouleri,59789; 80215,subspecies,confirmed,0.992248062015504,yes,native,Tracheophyta
Silene vulgaris,Silene vulgaris,55721,species,confirmed,0.98,yes,exotic,Tracheophyta
Silybum marianum,Silybum marianum,52586,species,new,1,yes,exotic,Tracheophyta
Sinapis arvensis,Sinapis arvensis; Mutarda arvensis,1562069,species,confirmed,1,yes,exotic,Tracheophyta
Sisymbrium altissimum,Sisymbrium altissimum,56996,species,confirmed,0.973214285714286,yes,exotic,Tracheophyta
Sisymbrium loeselii,Sisymbrium loeselii,79125,species,unconfirmed,0.60431654676259,yes,exotic,Tracheophyta
Sisymbrium officinale,Sisymbrium officinale,53266,species,confirmed,1,yes,exotic,Tracheophyta
Sisyrinchium californicum,Sisyrinchium californicum,60550,species,new,1,no,native,Tracheophyta
Sisyrinchium idahoense,Sisyrinchium idahoense,79129,species,confirmed,1,yes,native,Tracheophyta
Sisyrinchium idahoense var. idahoense,Sisyrinchium idahoense idahoense,81372,variety,new,0.4,no,native,Tracheophyta
Sisyrinchium littorale,Sisyrinchium littorale,169021,species,confirmed,0.953125,yes,native,Tracheophyta
Sium suave,Sium suave,79131,species,confirmed,0.956521739130435,yes,native,Tracheophyta
Solanum americanum,Solanum americanum,59035,species,confirmed,,yes,exotic,Tracheophyta
Solanum dulcamara var. dulcamara,Solanum dulcamara,55620,species,confirmed,1,yes,exotic,Tracheophyta
Solanum nigrum,Solanum nigrum,79141,complex,confirmed,0.964285714285714,yes,exotic,Tracheophyta
Solanum physalifolium var. nitidibaccatum,Solanum physalifolium nitidibaccatum; Solanum physalifolium; Solanum sarrachoides; Solanum nitidibaccatum,79142; 120519; 406080,variety,confirmed,,yes,exotic,Tracheophyta
Solanum rostratum,Solanum rostratum,62642,species,confirmed,0.988888888888889,yes,exotic,Tracheophyta
Solanum triflorum,Solanum triflorum,,,,,no,exotic,Tracheophyta
Solidago canadensis,Solidago canadensis,67808,species,confirmed,1,yes,native,Tracheophyta
Solidago elongata,Solidago elongata,79150,species,new,0.666666666666667,no,native,Tracheophyta
Solidago lepida,Solidago lepida,79152,species,confirmed,1,yes,native,Tracheophyta
Solidago lepida var. lepida,Solidago lepida lepida,333642,variety,unconfirmed,0.579710144927536,yes,native,Tracheophyta
Solidago lepida var. salebrosa,Solidago lepida salebrosa,81375,variety,unconfirmed,0.804347826086957,yes,native,Tracheophyta
Soliva sessilis,Soliva sessilis,60150,species,new,1,yes,exotic,Tracheophyta
Sonchus arvensis,Sonchus arvensis,79156,species,new,1,no,exotic,Tracheophyta
Sonchus arvensis ssp. arvensis,Sonchus arvensis arvensis,80219,subspecies,new,0.666666666666667,no,exotic,Tracheophyta
Sonchus asper,Sonchus asper,53269,species,confirmed,1,yes,exotic,Tracheophyta
Sonchus oleraceus,Sonchus oleraceus,53294,species,confirmed,1,yes,exotic,Tracheophyta
Sorbus aucuparia,Sorbus aucuparia,56063,species,confirmed,1,yes,exotic,Tracheophyta
Sorbus scopulina,Sorbus scopulina,79159,species,new,1,no,native,Tracheophyta
Sorghum bicolor ssp. bicolor,Sorghum bicolor,58389,species,new,0.2,no,exotic,Tracheophyta
Sparganium angustifolium,Sparganium angustifolium,79161,species,unconfirmed,0.669064748201439,yes,native,Tracheophyta
Sparganium emersum,Sparganium emersum,62575,species,confirmed,1,yes,native,Tracheophyta
Sparganium eurycarpum,Sparganium eurycarpum,63348,species,unconfirmed,0.640625,yes,native,Tracheophyta
Sparganium natans,Sparganium natans,79162,species,confirmed,0.906976744186046,yes,native,Tracheophyta
Spergula arvensis,Spergula arvensis,57005,species,confirmed,1,yes,exotic,Tracheophyta
Spergularia canadensis var. occidentalis,Spergularia canadensis; Spergularia canadensis occidentalis,79168; 81378,variety,confirmed,1,yes,native,Tracheophyta
Spergularia macrotheca var. macrotheca,Spergularia macrotheca macrotheca; Spergularia macrotheca,61474; 61472,variety,confirmed,1,yes,native,Tracheophyta
Spergularia rubra,Spergularia rubra,55730,species,confirmed,1,yes,exotic,Tracheophyta
Spergularia rupicola,Spergularia rupicola,129267,species,new,0.826086956521739,yes,exotic,Tracheophyta
Spergularia salina,Spergularia marina,79169,species,confirmed,1,yes,native,Tracheophyta
Spinulum annotinum,Spinulum annotinum,,,,,no,native,Tracheophyta
Spiraea douglasii,Spiraea douglasii,62493,species,confirmed,,yes,native,Tracheophyta
Spiraea douglasii var. menziesii,Spiraea douglasii menziesii,,species,unconfirmed,0.566666666666667,yes,native,Tracheophyta
Spiranthes romanzoffiana,Spiranthes romanzoffiana,50743,species,confirmed,-14.8888888888889,yes,native,Tracheophyta
Spirodela polyrrhiza,Spirodela polyrhiza,57867,species,new,0.75,no,native,Tracheophyta
Stachys arvensis,Stachys arvensis,169309,species,new,1,yes,exotic,Tracheophyta
Stachys byzantina,Stachys byzantina,127480,species,new,0.857142857142857,no,exotic,Tracheophyta
Stachys cooleyae,Stachys chamissonis cooleyae; Stachys chamissonis,52627; 52625,species,confirmed,1,yes,native,Tracheophyta
Stachys mexicana,Stachys mexicana,79191,species,confirmed,1,yes,native,Tracheophyta
Stellaria borealis ssp. sitchana,Stellaria sitchana; Stellaria borealis sitchana,1417248,subspecies,confirmed,0.852713178294574,yes,native,Tracheophyta
Stellaria crispa,Stellaria crispa,79201,species,confirmed,1,yes,native,Tracheophyta
Stellaria longipes ssp. longipes,Stellaria longipes,79203,species,unconfirmed,0.237410071942446,yes,native,Tracheophyta
Stellaria media,Stellaria media,53298,complex,confirmed,1,yes,exotic,Tracheophyta
Stellaria neglecta,Stellaria neglecta,79204,species,new,1,yes,exotic,Tracheophyta
Stellaria nitens,Stellaria nitens,57007,species,confirmed,1,yes,native,Tracheophyta
Stellaria pallida,Stellaria apetala,867483,species,new,0.35,yes,exotic,Tracheophyta
Streptopus amplexifolius,Streptopus amplexifolius,79273,species,confirmed,1,yes,native,Tracheophyta
Struthiopteris spicant,Struthiopteris spicant,774894,species,new,1,yes,native,Tracheophyta
Symphoricarpos albus,Symphoricarpos albus,48523,species,confirmed,1,yes,native,Tracheophyta
Symphoricarpos mollis var. hesperius,Symphoricarpos mollis hesperius,778403,species,confirmed,0.982456140350877,yes,native,Tracheophyta
Symphyotrichum bracteolatum,Symphyotrichum bracteolatum,79295,species,unconfirmed,0.575539568345324,yes,native,Tracheophyta
Symphyotrichum chilense,Symphyotrichum chilense,56861,species,confirmed,,yes,native,Tracheophyta
Symphyotrichum novi-belgii var. novi-belgii,Symphyotrichum novi-belgii,169474,species,new,0.857142857142857,no,exotic,Tracheophyta
Symphyotrichum subspicatum,Symphyotrichum subspicatum,79303,species,confirmed,1,yes,native,Tracheophyta
Symphytum officinale,Symphytum officinale,55724,species,confirmed,1,yes,exotic,Tracheophyta
Tamarix parviflora,Tamarix parviflora,56011,species,confirmed,0.96875,yes,exotic,Tracheophyta
Tamarix ramosissima,Tamarix ramosissima,56015,species,new,0.833333333333333,no,exotic,Tracheophyta
Tanacetum parthenium,Tanacetum parthenium,54520,species,confirmed,1,yes,exotic,Tracheophyta
Tanacetum vulgare,Tanacetum vulgare,55971,species,new,1,yes,exotic,Tracheophyta
Taraxacum erythrospermum,Taraxacum erythrospermum,79317,species,new,1,yes,exotic,Tracheophyta
Taraxacum officinale,Taraxacum officinale,47602,species,confirmed,1,yes,exotic,Tracheophyta
Taxus baccata,Taxus baccata,47553,species,confirmed,1,yes,exotic,Tracheophyta
Taxus brevifolia,Taxus brevifolia,55209,species,confirmed,1,yes,native,Tracheophyta
Taxus cuspidata,Taxus cuspidata,133386,species,confirmed,1,yes,exotic,Tracheophyta
Teesdalia nudicaulis,Teesdalia nudicaulis,79325,species,confirmed,1,yes,exotic,Tracheophyta
Tellima grandiflora,Tellima grandiflora,51655,species,confirmed,1,yes,native,Tracheophyta
Teucrium hircanicum,Teucrium hircanicum,406465,species,new,1,no,exotic,Tracheophyta
Thalictrum occidentale,Thalictrum occidentale,79343,species,new,1,no,native,Tracheophyta
Thinopyrum intermedium,Thinopyrum intermedium,155848,species,new,0.833333333333333,no,exotic,Tracheophyta
Thlaspi arvense,Thlaspi arvense,79358,species,confirmed,0.992248062015504,yes,exotic,Tracheophyta
Thuja plicata,Thuja plicata,48252,species,confirmed,1,yes,native,Tracheophyta
Thymus pulegioides,Thymus pulegioides,169753,species,new,0.666666666666667,no,exotic,Tracheophyta
Thysanocarpus curvipes,Thysanocarpus curvipes,58088,species,confirmed,1,yes,native,Tracheophyta
Tiarella trifoliata,Tiarella trifoliata,51643,species,confirmed,1,yes,native,Tracheophyta
Tiarella trifoliata var. laciniata,Tiarella trifoliata laciniata,51650,variety,new,0.75,no,native,Tracheophyta
Tiarella trifoliata var. trifoliata,Tiarella trifoliata trifoliata,51649,variety,new,0.833333333333333,no,native,Tracheophyta
Tiarella trifoliata var. unifoliata,Tiarella trifoliata unifoliata,,,unconfirmed,0.0863309352517986,yes,native,Tracheophyta
Tolmiea menziesii,Tolmiea menziesii,128848,species,confirmed,1,yes,native,Tracheophyta
Torilis arvensis ssp. arvensis,Torilis arvensis,56846,species,new,0.833333333333333,no,exotic,Tracheophyta
Torreyochloa pallida var. pauciflora,Torreyochloa pallida; Torreyochloa pallida pauciflora,79374; 81431,variety,confirmed,0.991071428571429,yes,native,Tracheophyta
Toxicodendron diversilobum,Toxicodendron diversilobum,51080,species,confirmed,1,yes,native,Tracheophyta
Toxicoscordion venenosum var. venenosum,Toxicoscordion venenosum; Toxicoscordion venenosum venenosum,59087; 81432,variety,confirmed,1,yes,native,Tracheophyta
Tragopogon dubius,Tragopogon dubius,54143,species,new,0.875,no,exotic,Tracheophyta
Tragopogon porrifolius,Tragopogon porrifolius,54141,species,confirmed,1,yes,exotic,Tracheophyta
Tragopogon pratensis,Tragopogon pratensis,79385,species,new,0.666666666666667,no,exotic,Tracheophyta
Trautvetteria caroliniensis,Trautvetteria caroliniensis,79387,species,new,0.857142857142857,no,native,Tracheophyta
Trifolium arvense,Trifolium arvense,79408,species,new,1,yes,exotic,Tracheophyta
Trifolium campestre,Trifolium campestre,57076,species,confirmed,1,yes,exotic,Tracheophyta
Trifolium depauperatum var. depauperatum,Trifolium depauperatum; Trifolium depauperatum depauperatum,58164; 64176,variety,confirmed,1,yes,native,Tracheophyta
Trifolium dichotomum,Trifolium dichotomum,61179,species,unconfirmed,0.158273381294964,yes,native,Tracheophyta
Trifolium dubium,Trifolium dubium,53313,species,confirmed,1,yes,exotic,Tracheophyta
Trifolium fragiferum ssp. bonannii,Trifolium fragiferum,58167,species,confirmed,1,yes,exotic,Tracheophyta
Trifolium glomeratum,Trifolium glomeratum,61021,species,new,0.869565217391304,yes,exotic,Tracheophyta
Trifolium gracilentum,Trifolium gracilentum,,,,,no,unknown,Tracheophyta
Trifolium hybridum,Trifolium hybridum,61824,species,confirmed,0.981818181818182,yes,exotic,Tracheophyta
Trifolium incarnatum,Trifolium incarnatum,64268,species,new,1,no,exotic,Tracheophyta
Trifolium microcephalum,Trifolium microcephalum,58911,species,confirmed,,yes,native,Tracheophyta
Trifolium microdon,Trifolium microdon,57079,species,confirmed,1,yes,native,Tracheophyta
Trifolium oliganthum,Trifolium oliganthum,71122,species,confirmed,,yes,native,Tracheophyta
Trifolium pratense,Trifolium pratense,51875,species,confirmed,1,yes,exotic,Tracheophyta
Trifolium repens,Trifolium repens,55745,species,confirmed,1,yes,exotic,Tracheophyta
Trifolium striatum,Trifolium striatum,79432,species,new,0.947368421052632,yes,exotic,Tracheophyta
Trifolium subterraneum,Trifolium subterraneum,60201,species,confirmed,1,yes,exotic,Tracheophyta
Trifolium variegatum,Trifolium variegatum,57080,species,confirmed,,yes,native,Tracheophyta
Trifolium willdenovii,Trifolium willdenovii,57081,species,confirmed,,yes,native,Tracheophyta
Trifolium wormskioldii,Trifolium wormskioldii,71146,species,confirmed,0.959183673469388,yes,native,Tracheophyta
Triglochin concinna var. concinna,Triglochin concinna; Triglochin concinna concinna,79435; 81439,variety,unconfirmed,0.647482014388489,yes,native,Tracheophyta
Triglochin maritima,Triglochin maritima,60264,species,confirmed,1,yes,native,Tracheophyta
Triglochin scilloides,Triglochin scilloides,,,unconfirmed,0.136690647482014,yes,native,Tracheophyta
Trillium ovatum var. ovatum,Trillium ovatum; Trillium ovatum ovatum,49463; 63972,variety,confirmed,1,yes,native,Tracheophyta
Triodanis perfoliata ssp. perfoliata,Triodanis perfoliata,64293,species,unconfirmed,0.775193798449612,yes,native,Tracheophyta
Triphysaria pusilla,Triphysaria pusilla,57276,species,confirmed,1,yes,native,Tracheophyta
Triphysaria versicolor ssp. versicolor,Triphysaria versicolor; Triphysaria versicolor versicolor,60735; 60736,subspecies,confirmed,1,yes,native,Tracheophyta
Tripleurospermum inodorum,Tripleurospermum inodorum,79441,species,confirmed,1,yes,exotic,Tracheophyta
Trisetum canescens,Trisetum canescens; Graphephorum canescens,1538928,species,unconfirmed,0.807228915662651,yes,native,Tracheophyta
Trisetum cernuum,Trisetum cernuum; Graphephorum cernuum,1538926,species,confirmed,0.963636363636364,yes,native,Tracheophyta
Triteleia grandiflora,Triteleia grandiflora,79452,species,confirmed,1,yes,native,Tracheophyta
Triteleia hyacinthina,Triteleia hyacinthina,57132,species,confirmed,1,yes,native,Tracheophyta
Triticum aestivum,Triticum aestivum,64161,species,new,1,yes,exotic,Tracheophyta
Tsuga heterophylla,Tsuga heterophylla,48254,species,confirmed,1,yes,native,Tracheophyta
Tsuga mertensiana,Tsuga mertensiana,68089,species,confirmed,0.987012987012987,yes,native,Tracheophyta
Turritis glabra,Turritis glabra,79460,species,confirmed,1,yes,exotic,Tracheophyta
Tussilago farfara,Tussilago farfara,56222,species,new,0.833333333333333,no,exotic,Tracheophyta
Typha × glauca,Typha × glauca,181686,hybrid,new,0.5,no,unknown,Tracheophyta
Typha angustifolia,Typha angustifolia,60316,species,new,1,no,exotic,Tracheophyta
Typha latifolia,Typha latifolia,48685,species,confirmed,1,yes,native,Tracheophyta
Ulex europaeus,Ulex europaeus,51751,species,confirmed,1,yes,exotic,Tracheophyta
Ulmus americana,Ulmus americana,53547,species,new,1,no,exotic,Tracheophyta
Uropappus lindleyi,Uropappus lindleyi,,,,,no,native,Tracheophyta
Urtica gracilis ssp. gracilis,Urtica dioica; Urtica gracilis,51884; 141854,subspecies,new,1,no,native,Tracheophyta
Urtica urens,Urtica urens,53315,species,new,1,yes,exotic,Tracheophyta
Utricularia gibba,Utricularia gibba,79464,species,confirmed,0.981818181818182,yes,native,Tracheophyta
Utricularia minor,Utricularia minor,,,unconfirmed,0.438848920863309,no,native,Tracheophyta
Utricularia vulgaris ssp. macrorhiza,Utricularia macrorhiza,79465,species,confirmed,1,yes,native,Tracheophyta
Vaccinium caespitosum,Vaccinium cespitosum,79470,species,confirmed,0.991150442477876,yes,native,Tracheophyta
Vaccinium ovatum,Vaccinium ovatum,48349,species,new,1,no,native,Tracheophyta
Vaccinium oxycoccos,Vaccinium oxycoccos,126560,species,new,0.928571428571429,yes,native,Tracheophyta
Vaccinium parvifolium,Vaccinium parvifolium,48354,species,confirmed,1,yes,native,Tracheophyta
Vaccinium uliginosum,Vaccinium uliginosum,64714,species,confirmed,1,no,native,Tracheophyta
Valeriana scouleri,Valeriana sitchensis scouleri,80266,species,new,0.285714285714286,yes,native,Tracheophyta
Valeriana sitchensis,Valeriana sitchensis,79477,species,confirmed,1,yes,native,Tracheophyta
Valerianella locusta,Valerianella locusta,55752,species,new,1,no,exotic,Tracheophyta
Vallisneria americana,Vallisneria americana,123050,species,confirmed,0.962962962962963,yes,exotic,Tracheophyta
Veratrum viride var. eschscholzianum,Veratrum viride,79484,species,unconfirmed,0.39568345323741,yes,native,Tracheophyta
Verbascum phlomoides,Verbascum phlomoides,170140,species,new,0.666666666666667,no,exotic,Tracheophyta
Verbascum thapsus,Verbascum thapsus,59029,species,confirmed,1,yes,exotic,Tracheophyta
Verbena hastata,Verbena hastata,60251,species,new,1,no,native,Tracheophyta
Veronica arvensis,Veronica arvensis,55748,species,confirmed,1,yes,exotic,Tracheophyta
Veronica beccabunga var. americana,Veronica americana; Veronica beccabunga,57277; 54333,variety,confirmed,1,yes,native,Tracheophyta
Veronica chamaedrys,Veronica chamaedrys,51610,species,new,1,yes,exotic,Tracheophyta
Veronica filiformis,Veronica filiformis,55825,species,confirmed,1,yes,exotic,Tracheophyta
Veronica hederifolia,Veronica hederifolia,56129,species,new,1,yes,exotic,Tracheophyta
Veronica officinalis,Veronica officinalis,129020,species,new,1,no,exotic,Tracheophyta
Veronica peregrina,Veronica peregrina,60317,species,confirmed,1,yes,native,Tracheophyta
Veronica peregrina var. peregrina,Veronica peregrina peregrina,60318,subspecies,new,0.25,no,exotic,Tracheophyta
Veronica peregrina var. xalapensis,Veronica peregrina xalapensis,491173,subspecies,confirmed,0.938775510204082,yes,native,Tracheophyta
Veronica persica,Veronica persica,55666,species,new,1,yes,exotic,Tracheophyta
Veronica scutellata,Veronica scutellata,61112,species,confirmed,,yes,native,Tracheophyta
Veronica serpyllifolia,Veronica serpyllifolia,55749,species,confirmed,1,yes,exotic,Tracheophyta
Viburnum opulus,Viburnum opulus,55969,species,new,1,no,native,Tracheophyta
Vicia americana,Vicia americana,53320,species,confirmed,1,yes,native,Tracheophyta
Vicia americana var. americana,Vicia americana americana,53321,variety,unconfirmed,0.3125,yes,native,Tracheophyta
Vicia cracca ssp. cracca,Vicia cracca,52471,species,confirmed,0.983050847457627,yes,exotic,Tracheophyta
Vicia hirsuta,Vicia hirsuta,56188,species,confirmed,1,yes,exotic,Tracheophyta
Vicia lathyroides,Vicia lathyroides,79503,species,confirmed,1,yes,exotic,Tracheophyta
Vicia nigricans var. gigantea,Vicia gigantea,53322,species,new,1,no,native,Tracheophyta
Vicia sativa,Vicia sativa,53324,species,confirmed,,yes,exotic,Tracheophyta
Vicia sativa var. angustifolia,Vicia sativa nigra,710103,subspecies,confirmed,0.945454545454545,yes,unknown,Tracheophyta
Vicia tetrasperma,Vicia tetrasperma,57310,species,confirmed,,yes,exotic,Tracheophyta
Vicia villosa,Vicia villosa,57317,species,confirmed,1,no,exotic,Tracheophyta
Vinca major,Vinca major,53326,species,new,1,yes,exotic,Tracheophyta
Vinca minor,Vinca minor,55844,species,new,1,no,exotic,Tracheophyta
Viola adunca var. adunca,Viola adunca,53328,species,confirmed,1,yes,native,Tracheophyta
Viola arvensis,Viola arvensis,,,,,no,exotic,Tracheophyta
Viola glabella,Viola glabella,71113,species,new,1,no,native,Tracheophyta
Viola howellii,Viola howellii,79510,species,unconfirmed,0.168,yes,native,Tracheophyta
Viola macloskeyi,Viola macloskeyi,,,,,no,native,Tracheophyta
Viola nuttallii var. praemorsa,Viola praemorsa,79516,species,confirmed,1,yes,native,Tracheophyta
Viola odorata,Viola odorata,55845,species,confirmed,1,yes,exotic,Tracheophyta
Viola palustris,Viola palustris,79514,species,new,0.97841726618705,no,native,Tracheophyta
Viola praemorsa var. praemorsa,Viola praemorsa praemorsa,80276,variety,confirmed,1,yes,native,Tracheophyta
Viola sempervirens,Viola sempervirens,55342,species,confirmed,1,yes,native,Tracheophyta
Viola tricolor var. tricolor,Viola tricolor,55739,species,new,0.25,no,exotic,Tracheophyta
Vulpia bromoides,Festuca bromoides,77136,species,confirmed,,yes,exotic,Tracheophyta
Vulpia microstachys,Festuca microstachys pauciflora,1377236,variety,confirmed,0.625,yes,native,Tracheophyta
Vulpia microstachys var. pauciflora,Festuca microstachys,77138,species,confirmed,0.987951807228916,yes,native,Tracheophyta
Vulpia myuros,Festuca myuros,77140,species,confirmed,1,yes,exotic,Tracheophyta
Vulpia octoflora,Festuca octoflora,,,unconfirmed,0.37410071942446,yes,unknown,Tracheophyta
Wolffia brasiliensis,Wolffia brasiliensis,79527,species,new,1,no,exotic,Tracheophyta
Wolffia columbiana,Wolffia columbiana,79528,species,confirmed,0.972972972972973,yes,native,Tracheophyta
Woodwardia fimbriata,Woodwardia fimbriata,52685,species,confirmed,,yes,native,Tracheophyta
Yabea microcarpa,Yabea microcarpa,56847,species,new,1,yes,native,Tracheophyta
Zeltnera muehlenbergii,Zeltnera muehlenbergii,79550,species,confirmed,0.979591836734694,yes,native,Tracheophyta
Zostera marina,Zostera marina,52614,species,confirmed,1,yes,native,Tracheophyta
